       183         1
    0.000000e+00    0.000000e+00    0.000000e+00    5.000000e-01    5.000000e-01    5.000000e-01
     ID         type     radius_a        radius_b        radius_c       position_x      position_y      position_z       axle_a_x              axle_a_y              axle_a_z              axle_b_x              axle_b_y              axle_b_z              axle_c_x              axle_c_y              axle_c_z             velocity_x      velocity_y      velocity_z        omga_x          omga_y          omga_z         force_x         force_y         force_z         moment_x        moment_y        moment_z
        1         0    4.331620e-03    5.456420e-03    4.865140e-03    3.987644e-02   2.353492e-02    5.834520e-03    1.359713659051e+00    1.560819082217e+00    2.113254781736e-01    4.080628381434e-01    1.927511166335e+00    1.761514914061e+00    1.224707985955e+00    3.544272124669e-01    1.650697950954e+00    0.000000e+00    0.000000e+00    0.000000e+00    0.000000e+00    0.000000e+00    0.000000e+00    0.000000e+00    0.000000e+00    0.000000e+00    0.000000e+00    0.000000e+00    0.000000e+00
        2         0    7.944280e-03    8.537460e-03    4.985600e-03    1.693508e-02   3.910276e-02    5.221200e-03    2.711350145436e+00    1.981768713567e+00    1.450657252124e+00    1.148903041649e+00    2.711350145436e+00    1.510835262960e+00    1.650781773398e+00    1.670838354085e+00    2.991550752778e+00    0.000000e+00    0.000000e+00    0.000000e+00    0.000000e+00    0.000000e+00    0.000000e+00    0.000000e+00    0.000000e+00    0.000000e+00    0.000000e+00    0.000000e+00    0.000000e+00
        3         0    3.917420e-03    3.917040e-03    4.301980e-03    2.852964e-02   7.267880e-03    4.430040e-03    1.095472390510e+00    8.278084604213e-01    2.185856075923e+00    5.246267000115e-01    2.068630019444e+00    1.441103830525e+00    1.380632633236e+00    9.798940696433e-01    6.337364358391e-01    0.000000e+00    0.000000e+00    0.000000e+00    0.000000e+00    0.000000e+00    0.000000e+00    0.000000e+00    0.000000e+00    0.000000e+00    0.000000e+00    0.000000e+00    0.000000e+00
        4         0    3.686380e-03    2.863300e-03    2.323320e-03    1.474704e-02   1.732572e-02    4.509840e-03    6.393368830792e-01    1.010248013088e+00    1.845062813478e+00    1.399429348786e+00    1.327660420459e+00    2.729126639871e-01    2.191744262889e+00    6.223294852315e-01    1.671276770896e+00    0.000000e+00    0.000000e+00    0.000000e+00    0.000000e+00    0.000000e+00    0.000000e+00    0.000000e+00    0.000000e+00    0.000000e+00    0.000000e+00    0.000000e+00    0.000000e+00
        5         0    2.658480e-03    2.059600e-03    2.967800e-03    2.762752e-02   2.643584e-02    4.246120e-03    1.824124564158e+00    6.057808664865e-01    2.107469613722e+00    1.762444131155e+00    1.068768064535e+00    5.312823388714e-01    2.831757823893e+00    1.886807695602e+00    1.610907458318e+00    0.000000e+00    0.000000e+00    0.000000e+00    0.000000e+00    0.000000e+00    0.000000e+00    0.000000e+00    0.000000e+00    0.000000e+00    0.000000e+00    0.000000e+00    0.000000e+00
        6         0    5.730780e-03    7.276240e-03    6.029080e-03    3.112656e-02   1.425380e-02    7.126520e-03    5.917630370384e-01    2.141201359660e+00    1.430341981177e+00    1.389819024296e+00    1.058734676808e+00    5.548917001095e-01    2.129365644699e+00    2.318512594628e+00    1.047226416305e+00    0.000000e+00    0.000000e+00    0.000000e+00    0.000000e+00    0.000000e+00    0.000000e+00    0.000000e+00    0.000000e+00    0.000000e+00    0.000000e+00    0.000000e+00    0.000000e+00
        7         0    4.689200e-04    8.154800e-04    8.116800e-04    2.414824e-02   3.753032e-02    2.305080e-03    8.384752870139e-01    1.071286670242e+00    9.657420023356e-01    1.906368174903e+00    4.987988286070e-01    1.916956480160e+00    2.289777474240e+00    1.530869455693e+00    7.251047657913e-01    0.000000e+00    0.000000e+00    0.000000e+00    0.000000e+00    0.000000e+00    0.000000e+00    0.000000e+00    0.000000e+00    0.000000e+00    0.000000e+00    0.000000e+00    0.000000e+00
        8         0    3.956560e-03    5.499740e-03    3.689420e-03    4.706072e-02   2.505036e-02    6.959320e-03    1.137489779110e+00    1.993115597945e+00    6.270582786647e-01    2.605560850818e+00    1.460606463293e+00    1.047370669723e+00    1.864932300122e+00    2.713422706547e+00    1.885891585895e+00    0.000000e+00    0.000000e+00    0.000000e+00    0.000000e+00    0.000000e+00    0.000000e+00    0.000000e+00    0.000000e+00    0.000000e+00    0.000000e+00    0.000000e+00    0.000000e+00
        9         0    5.871760e-03    6.471780e-03    4.552020e-03    3.665176e-02   3.119648e-02    8.131240e-03    1.024977347829e+00    1.906507182819e+00    6.621691770085e-01    2.200616632410e+00    1.013255212115e+00    9.160404334816e-01    2.238199797542e+00    2.463351350086e+00    1.480827613527e+00    0.000000e+00    0.000000e+00    0.000000e+00    0.000000e+00    0.000000e+00    0.000000e+00    0.000000e+00    0.000000e+00    0.000000e+00    0.000000e+00    0.000000e+00    0.000000e+00
       10         0    2.939300e-03    2.488240e-03    2.227940e-03    3.738516e-02   1.437920e-02    4.780400e-03    1.157456192462e+00    1.510509253398e+00    4.182523391339e-01    7.331198436637e-01    2.230075655880e+00    1.866288831066e+00    9.976776378899e-01    6.545876444669e-01    1.866288831066e+00    0.000000e+00    0.000000e+00    0.000000e+00    0.000000e+00    0.000000e+00    0.000000e+00    0.000000e+00    0.000000e+00    0.000000e+00    0.000000e+00    0.000000e+00    0.000000e+00
       11         0    5.554460e-03    4.681980e-03    5.351920e-03    2.018940e-02   1.471816e-02    7.808240e-03    2.461686664775e+00    9.784612982815e-01    1.864103282840e+00    1.570796326795e+00    1.105560308229e+00    4.793435728513e-01    2.249888991884e+00    2.329395058568e+00    1.214359374575e+00    0.000000e+00    0.000000e+00    0.000000e+00    0.000000e+00    0.000000e+00    0.000000e+00    0.000000e+00    0.000000e+00    0.000000e+00    0.000000e+00    0.000000e+00    0.000000e+00
       12         0    2.151180e-03    2.749300e-03    1.849080e-03    3.392640e-02   2.024184e-02    5.257680e-03    2.323383232548e+00    1.856104558345e+00    2.309699299636e+00    2.205653069302e+00    1.908914861081e+00    7.319977237475e-01    1.123830132342e+00    2.701403585528e+00    1.631144357922e+00    0.000000e+00    0.000000e+00    0.000000e+00    0.000000e+00    0.000000e+00    0.000000e+00    0.000000e+00    0.000000e+00    0.000000e+00    0.000000e+00    0.000000e+00    0.000000e+00
       13         0    4.158720e-03    3.114480e-03    3.154380e-03    2.107024e-02   2.177172e-02    6.704720e-03    6.092420062324e-01    1.520770462976e+00    9.642210864521e-01    1.982356823404e+00    2.291702955990e+00    8.762147531089e-01    1.159235830186e+00    2.418971819422e+00    2.117708165830e+00    0.000000e+00    0.000000e+00    0.000000e+00    0.000000e+00    0.000000e+00    0.000000e+00    0.000000e+00    0.000000e+00    0.000000e+00    0.000000e+00    0.000000e+00    0.000000e+00
       14         0    2.681280e-03    2.175500e-03    1.398780e-03    3.290952e-02   4.961280e-03    5.730400e-03    2.105596149378e+00    1.530811647910e+00    5.366200271357e-01    2.048455140127e+00    2.604972626454e+00    1.813001640828e+00    7.531677179100e-01    2.105596149378e+00    1.093137513463e+00    0.000000e+00    0.000000e+00    0.000000e+00    0.000000e+00    0.000000e+00    0.000000e+00    0.000000e+00    0.000000e+00    0.000000e+00    0.000000e+00    0.000000e+00    0.000000e+00
       15         0    3.821660e-03    3.619880e-03    3.519180e-03    3.720884e-02   7.948840e-03    7.247360e-03    9.654318500582e-01    1.159997709851e+00    7.687001528972e-01    6.117393882776e-01    1.864524450200e+00    2.081961135124e+00    1.560812620217e+00    5.184908796411e-01    2.081961135124e+00    0.000000e+00    0.000000e+00    0.000000e+00    0.000000e+00    0.000000e+00    0.000000e+00    0.000000e+00    0.000000e+00    0.000000e+00    0.000000e+00    0.000000e+00    0.000000e+00
       16         0    4.072080e-03    4.564560e-03    4.559620e-03    4.324248e-02   3.955040e-02    8.331120e-03    2.058576607739e+00    1.138663969471e+00    6.796600079918e-01    2.371658822915e+00    1.235484653224e+00    2.224674120994e+00    2.115920541168e+00    2.563700948209e+00    1.420658592316e+00    0.000000e+00    0.000000e+00    0.000000e+00    0.000000e+00    0.000000e+00    0.000000e+00    0.000000e+00    0.000000e+00    0.000000e+00    0.000000e+00    0.000000e+00    0.000000e+00
       17         0    5.280860e-03    4.909600e-03    3.033540e-03    4.587360e-02   3.093884e-02    7.532360e-03    2.625117732636e+00    1.276720882968e+00    1.159497524717e+00    1.460628570971e+00    2.304554281247e+00    7.382754885920e-01    1.070414965392e+00    8.097834536415e-01    9.887610829276e-01    0.000000e+00    0.000000e+00    0.000000e+00    0.000000e+00    0.000000e+00    0.000000e+00    0.000000e+00    0.000000e+00    0.000000e+00    0.000000e+00    0.000000e+00    0.000000e+00
       18         0    2.284940e-03    2.275060e-03    1.911020e-03    2.525404e-02   1.077756e-02    6.238840e-03    1.550835875736e+00    2.047733036059e+00    4.774249367590e-01    2.787838788988e+00    1.895835607852e+00    1.710968781040e+00    1.213988713394e+00    2.546869629154e+00    2.014315945745e+00    0.000000e+00    0.000000e+00    0.000000e+00    0.000000e+00    0.000000e+00    0.000000e+00    0.000000e+00    0.000000e+00    0.000000e+00    0.000000e+00    0.000000e+00    0.000000e+00
       19         0    2.849620e-03    2.885340e-03    2.424400e-03    1.163408e-02   2.297024e-02    6.691800e-03    2.200362559412e+00    7.098697444246e-01    1.287598250146e+00    1.874846326222e+00    2.116403571945e+00    6.462211367302e-01    7.250485713239e-01    1.171030167520e+00    1.013472579462e+00    0.000000e+00    0.000000e+00    0.000000e+00    0.000000e+00    0.000000e+00    0.000000e+00    0.000000e+00    0.000000e+00    0.000000e+00    0.000000e+00    0.000000e+00    0.000000e+00
       20         0    3.385040e-03    3.548060e-03    3.492200e-03    2.331680e-02   2.939300e-02    6.605920e-03    1.266824421780e+00    3.244615856891e-01    1.680765710485e+00    2.583094129582e+00    1.359713659051e+00    2.081598146135e+00    2.025272230360e+00    1.328997100947e+00    5.393770458902e-01    0.000000e+00    0.000000e+00    0.000000e+00    0.000000e+00    0.000000e+00    0.000000e+00    0.000000e+00    0.000000e+00    0.000000e+00    0.000000e+00    0.000000e+00    0.000000e+00
       21         0    3.167300e-03    3.776440e-03    3.625580e-03    3.065536e-02   2.826364e-02    7.310440e-03    1.590768717510e+00    9.773881706001e-01    5.938382492411e-01    2.852879365515e+00    1.823103023885e+00    1.430539483416e+00    1.287424190672e+00    2.479743257847e+00    9.893846199308e-01    0.000000e+00    0.000000e+00    0.000000e+00    0.000000e+00    0.000000e+00    0.000000e+00    0.000000e+00    0.000000e+00    0.000000e+00    0.000000e+00    0.000000e+00    0.000000e+00
       22         0    2.508760e-03    1.385100e-03    3.179080e-03    2.566748e-02   2.502376e-02    6.903080e-03    9.975474372692e-01    1.168309504818e+00    7.328958032077e-01    2.350494780348e+00    7.910978732415e-01    1.419563715878e+00    2.051061257937e+00    2.217585438955e+00    8.594606914683e-01    0.000000e+00    0.000000e+00    0.000000e+00    0.000000e+00    0.000000e+00    0.000000e+00    0.000000e+00    0.000000e+00    0.000000e+00    0.000000e+00    0.000000e+00    0.000000e+00
       23         0    1.635140e-03    2.285320e-03    1.448180e-03    3.248848e-02   8.239920e-03    6.724480e-03    1.400498943571e+00    1.700760748363e+00    2.150015941125e-01    2.785022263691e+00    1.884983404834e+00    1.440831905227e+00    1.277504378930e+00    2.785022263691e+00    1.751218166041e+00    0.000000e+00    0.000000e+00    0.000000e+00    0.000000e+00    0.000000e+00    0.000000e+00    0.000000e+00    0.000000e+00    0.000000e+00    0.000000e+00    0.000000e+00    0.000000e+00
       24         0    5.703040e-03    7.052040e-03    4.010520e-03    2.404488e-02   4.454360e-02    9.788040e-03    2.438768708674e+00    2.028342891171e+00    1.079388523291e+00    9.978077488305e-01    2.574260791539e+00    1.480315298425e+00    1.200994694513e+00    1.243724424457e+00    4.875212049397e-01    0.000000e+00    0.000000e+00    0.000000e+00    0.000000e+00    0.000000e+00    0.000000e+00    0.000000e+00    0.000000e+00    0.000000e+00    0.000000e+00    0.000000e+00    0.000000e+00
       25         0    4.463480e-03    2.847720e-03    3.778340e-03    1.128220e-02   1.694268e-02    7.629640e-03    6.975685379553e-01    8.930234537377e-01    1.430994777477e+00    1.246642789230e+00    2.162030846617e+00    6.975685379553e-01    9.795618069732e-01    2.150090117707e+00    2.235856374404e+00    0.000000e+00    0.000000e+00    0.000000e+00    0.000000e+00    0.000000e+00    0.000000e+00    0.000000e+00    0.000000e+00    0.000000e+00    0.000000e+00    0.000000e+00    0.000000e+00
       26         0    4.009760e-03    4.247260e-03    3.201880e-03    4.247336e-02   1.309708e-02    7.370480e-03    4.014217242133e-01    1.317973942390e+00    1.875662095350e+00    1.286841664695e+00    2.859691962709e+00    1.500700407112e+00    1.297248936654e+00    1.430257081564e+00    3.158814190984e-01    0.000000e+00    0.000000e+00    0.000000e+00    0.000000e+00    0.000000e+00    0.000000e+00    0.000000e+00    0.000000e+00    0.000000e+00    0.000000e+00    0.000000e+00    0.000000e+00
       27         0    2.603000e-04    2.253400e-04    1.721400e-04    3.475860e-02   4.317560e-03    5.050200e-03    1.610835053049e+00    1.701257182368e+00    1.365338190876e-01    1.180712139220e+00    4.010677259500e-01    1.440335471222e+00    2.740524927640e+00    1.180712139220e+00    1.560789152412e+00    0.000000e+00    0.000000e+00    0.000000e+00    0.000000e+00    0.000000e+00    0.000000e+00    0.000000e+00    0.000000e+00    0.000000e+00    0.000000e+00    0.000000e+00    0.000000e+00
       28         0    3.139180e-03    2.403500e-03    2.407300e-03    2.789276e-02   3.280920e-02    7.860680e-03    7.501676529484e-01    1.590840808191e+00    8.210314120719e-01    1.057493721725e+00    2.320561241518e+00    2.154581701287e+00    1.068961046613e+00    7.501676529484e-01    2.084098931865e+00    0.000000e+00    0.000000e+00    0.000000e+00    0.000000e+00    0.000000e+00    0.000000e+00    0.000000e+00    0.000000e+00    0.000000e+00    0.000000e+00    0.000000e+00    0.000000e+00
       29         0    1.594480e-03    1.105040e-03    1.011560e-03    3.608708e-02   1.668732e-02    6.244160e-03    1.530907194090e+00    1.781719206136e+00    2.147739073046e-01    9.784612982815e-01    6.308257520576e-01    1.420688667020e+00    2.545401078941e+00    1.002305931183e+00    1.420688667020e+00    0.000000e+00    0.000000e+00    0.000000e+00    0.000000e+00    0.000000e+00    0.000000e+00    0.000000e+00    0.000000e+00    0.000000e+00    0.000000e+00    0.000000e+00    0.000000e+00
       30         0    2.002220e-03    2.969320e-03    2.926760e-03    3.603768e-02   1.940052e-02    7.935920e-03    6.430340515383e-01    1.011976880959e+00    1.286900079107e+00    2.026566590121e+00    1.359146150611e+00    5.149757622970e-01    1.148184844653e+00    2.532709218991e+00    1.159126642864e+00    0.000000e+00    0.000000e+00    0.000000e+00    0.000000e+00    0.000000e+00    0.000000e+00    0.000000e+00    0.000000e+00    0.000000e+00    0.000000e+00    0.000000e+00    0.000000e+00
       31         0    4.421680e-03    6.534860e-03    3.777200e-03    2.966356e-02   2.100336e-02    1.190008e-02    1.223535456090e+00    2.026861197811e+00    5.902714480126e-01    2.627679828965e+00    1.389635785274e+00    1.092308200816e+00    1.928722911403e+00    2.648424025268e+00    1.896847161754e+00    0.000000e+00    0.000000e+00    0.000000e+00    0.000000e+00    0.000000e+00    0.000000e+00    0.000000e+00    0.000000e+00    0.000000e+00    0.000000e+00    0.000000e+00    0.000000e+00
       32         0    6.008180e-03    3.803040e-03    2.997440e-03    3.549428e-02   2.411176e-02    1.046216e-02    9.304587927654e-01    1.958858321083e+00    7.855468991458e-01    2.013278685293e+00    2.681923242608e+00    1.690575764664e+00    8.269432243740e-01    1.801876057299e+00    2.342062712905e+00    0.000000e+00    0.000000e+00    0.000000e+00    0.000000e+00    0.000000e+00    0.000000e+00    0.000000e+00    0.000000e+00    0.000000e+00    0.000000e+00    0.000000e+00    0.000000e+00
       33         0    3.202640e-03    3.470540e-03    4.214960e-03    2.577768e-02   3.800456e-02    8.885920e-03    9.545092478803e-01    7.705484285460e-01    1.969974678952e+00    1.060634815814e+00    2.329018533738e+00    2.127253165464e+00    8.661439472802e-01    1.680639532344e+00    7.266175119268e-01    0.000000e+00    0.000000e+00    0.000000e+00    0.000000e+00    0.000000e+00    0.000000e+00    0.000000e+00    0.000000e+00    0.000000e+00    0.000000e+00    0.000000e+00    0.000000e+00
       34         0    8.601300e-03    6.041620e-03    7.702220e-03    1.755980e-02   2.243064e-02    1.247084e-02    2.475511811223e-01    1.620792171065e+00    1.328553994084e+00    1.420303854997e+00    4.744254612958e-01    2.004010433825e+00    1.761861784123e+00    1.104282734606e+00    5.164749209540e-01    0.000000e+00    0.000000e+00    0.000000e+00    0.000000e+00    0.000000e+00    0.000000e+00    0.000000e+00    0.000000e+00    0.000000e+00    0.000000e+00    0.000000e+00    0.000000e+00
       35         0    2.371200e-04    2.101400e-04    1.919000e-04    2.619796e-02   2.672996e-02    6.285960e-03    1.360266045605e+00    1.360266045605e+00    3.000209612512e-01    2.355402253774e+00    7.861903998153e-01    1.570796326795e+00    2.314057087470e+00    2.314057087470e+00    1.267633049813e+00    0.000000e+00    0.000000e+00    0.000000e+00    0.000000e+00    0.000000e+00    0.000000e+00    0.000000e+00    0.000000e+00    0.000000e+00    0.000000e+00    0.000000e+00    0.000000e+00
       36         0    1.640460e-03    1.271860e-03    1.573200e-03    4.849560e-02   1.892172e-02    7.780120e-03    1.146669125239e+00    1.306772162124e+00    5.089902977649e-01    2.192176603566e+00    6.040343428643e-01    1.540680154647e+00    2.349847352166e+00    2.108188555414e+00    1.056613936625e+00    0.000000e+00    0.000000e+00    0.000000e+00    0.000000e+00    0.000000e+00    0.000000e+00    0.000000e+00    0.000000e+00    0.000000e+00    0.000000e+00    0.000000e+00    0.000000e+00
       37         0    1.313280e-03    1.585740e-03    1.360400e-03    3.285100e-02   2.146316e-02    7.653200e-03    1.159388546178e+00    1.148454599460e+00    6.097432459931e-01    5.160347996742e-01    1.470654022129e+00    2.071314307362e+00    1.854517547444e+00    4.280604402629e-01    1.896441406878e+00    0.000000e+00    0.000000e+00    0.000000e+00    0.000000e+00    0.000000e+00    0.000000e+00    0.000000e+00    0.000000e+00    0.000000e+00    0.000000e+00    0.000000e+00    0.000000e+00
       38         0    2.300520e-03    2.206660e-03    2.571080e-03    2.070392e-02   3.293232e-02    8.586480e-03    1.037117009338e+00    9.415925136903e-01    8.913021633785e-01    2.081458742169e+00    1.981204768363e+00    6.950151831894e-01    2.357736627748e+00    7.978857813439e-01    1.650678032042e+00    0.000000e+00    0.000000e+00    0.000000e+00    0.000000e+00    0.000000e+00    0.000000e+00    0.000000e+00    0.000000e+00    0.000000e+00    0.000000e+00    0.000000e+00    0.000000e+00
       39         0    2.538400e-03    5.243620e-03    3.671560e-03    1.407672e-02   3.098292e-02    9.004480e-03    2.189916990857e+00    2.389706410424e+00    1.939276633687e+00    1.369326043730e+00    2.153523111070e+00    6.258835029864e-01    6.592777341090e-01    1.982553423354e+00    2.060380232144e+00    0.000000e+00    0.000000e+00    0.000000e+00    0.000000e+00    0.000000e+00    0.000000e+00    0.000000e+00    0.000000e+00    0.000000e+00    0.000000e+00    0.000000e+00    0.000000e+00
       40         0    3.860420e-03    6.138140e-03    6.459240e-03    2.821956e-02   7.900200e-03    1.195860e-02    1.046850794236e+00    2.071779656249e+00    2.375221909745e+00    7.663707438449e-01    1.803015941400e+00    8.626981124898e-01    2.071779656249e+00    2.569009940514e+00    1.328282003979e+00    0.000000e+00    0.000000e+00    0.000000e+00    0.000000e+00    0.000000e+00    0.000000e+00    0.000000e+00    0.000000e+00    0.000000e+00    0.000000e+00    0.000000e+00    0.000000e+00
       41         0    4.126040e-03    3.385800e-03    2.522060e-03    1.971896e-02   7.691960e-03    9.997040e-03    2.129834913239e+00    1.681096928675e+00    5.724273541040e-01    1.950084440945e+00    2.607248129254e+00    1.928629260842e+00    7.066633998206e-01    2.083280010855e+00    1.137026683489e+00    0.000000e+00    0.000000e+00    0.000000e+00    0.000000e+00    0.000000e+00    0.000000e+00    0.000000e+00    0.000000e+00    0.000000e+00    0.000000e+00    0.000000e+00    0.000000e+00
       42         0    4.714660e-03    3.244440e-03    2.217300e-03    3.779252e-02   1.704072e-02    1.092728e-02    1.681447949164e+00    1.560757434403e+00    1.111098027673e-01    1.439919612616e+00    3.030482850822e+00    1.550717530120e+00    1.111098027673e-01    1.439919612616e+00    1.460144704426e+00    0.000000e+00    0.000000e+00    0.000000e+00    0.000000e+00    0.000000e+00    0.000000e+00    0.000000e+00    0.000000e+00    0.000000e+00    0.000000e+00    0.000000e+00    0.000000e+00
       43         0    3.831540e-03    3.661680e-03    2.954500e-03    4.386948e-02   1.717600e-02    9.246160e-03    7.624404354962e-01    1.021277604487e+00    2.039769281873e+00    8.461243655982e-01    2.364719063358e+00    1.327347830433e+00    1.368544548172e+00    1.079172596398e+00    5.281008683648e-01    0.000000e+00    0.000000e+00    0.000000e+00    0.000000e+00    0.000000e+00    0.000000e+00    0.000000e+00    0.000000e+00    0.000000e+00    0.000000e+00    0.000000e+00    0.000000e+00
       44         0    1.824000e-04    1.949400e-04    2.565000e-04    4.807000e-02   1.694800e-02    7.106000e-03    1.950544295800e+00    5.518103529530e-01    1.191048357790e+00    2.362166728960e+00    1.570796326795e+00    2.362166728960e+00    9.259031286119e-01    1.022815607908e+00    2.215689524978e+00    0.000000e+00    0.000000e+00    0.000000e+00    0.000000e+00    0.000000e+00    0.000000e+00    0.000000e+00    0.000000e+00    0.000000e+00    0.000000e+00    0.000000e+00    0.000000e+00
       45         0    3.047600e-03    3.629760e-03    2.424020e-03    2.504428e-02   1.706428e-02    1.104584e-02    1.192006161274e+00    2.082577203318e+00    6.606951081897e-01    1.982073343584e+00    8.098310204875e-01    9.151587145553e-01    2.567229333143e+00    2.140880894931e+00    1.510793300629e+00    0.000000e+00    0.000000e+00    0.000000e+00    0.000000e+00    0.000000e+00    0.000000e+00    0.000000e+00    0.000000e+00    0.000000e+00    0.000000e+00    0.000000e+00    0.000000e+00
       46         0    2.224900e-03    2.392480e-03    3.956940e-03    4.695508e-02   1.924168e-02    1.040820e-02    1.940910933992e+00    6.370948867131e-01    2.062636270645e+00    2.168419383000e+00    1.347902785576e+00    6.370948867131e-01    2.424299895067e+00    2.156314436669e+00    1.951711412959e+00    0.000000e+00    0.000000e+00    0.000000e+00    0.000000e+00    0.000000e+00    0.000000e+00    0.000000e+00    0.000000e+00    0.000000e+00    0.000000e+00    0.000000e+00    0.000000e+00
       47         0    5.290740e-03    2.846580e-03    2.249980e-03    8.241440e-03   2.019472e-02    1.088928e-02    1.380202534617e+00    2.545547593910e+00    1.014030347115e+00    2.249969233243e+00    1.256560795314e+00    7.842549076046e-01    7.109107984659e-01    1.083068790580e+00    1.094322092722e+00    0.000000e+00    0.000000e+00    0.000000e+00    0.000000e+00    0.000000e+00    0.000000e+00    0.000000e+00    0.000000e+00    0.000000e+00    0.000000e+00    0.000000e+00    0.000000e+00
       48         0    5.427540e-03    5.044120e-03    5.435140e-03    4.574820e-02   3.466436e-02    1.389356e-02    1.368720145985e+00    1.681408781313e+00    2.311091784445e-01    8.992702195376e-01    2.422857066039e+00    1.783127081173e+00    7.033588490530e-01    8.601985128121e-01    1.651164293738e+00    0.000000e+00    0.000000e+00    0.000000e+00    0.000000e+00    0.000000e+00    0.000000e+00    0.000000e+00    0.000000e+00    0.000000e+00    0.000000e+00    0.000000e+00    0.000000e+00
       49         0    2.329020e-03    1.677700e-03    2.311540e-03    2.466580e-02   2.490444e-02    9.348760e-03    2.422914628921e+00    1.021771186987e+00    1.983871349720e+00    1.661240796845e+00    1.021771186987e+00    5.490251398076e-01    2.281437476615e+00    2.321874062306e+00    1.211891390410e+00    0.000000e+00    0.000000e+00    0.000000e+00    0.000000e+00    0.000000e+00    0.000000e+00    0.000000e+00    0.000000e+00    0.000000e+00    0.000000e+00    0.000000e+00    0.000000e+00
       50         0    3.186680e-03    3.802280e-03    2.788060e-03    7.574160e-03   2.766172e-02    9.887600e-03    1.974036827792e+00    2.616533904210e+00    1.253595265193e+00    7.002534972200e-01    2.097953157055e+00    1.996019531186e+00    2.109635224948e+00    1.641285633362e+00    2.616533904210e+00    0.000000e+00    0.000000e+00    0.000000e+00    0.000000e+00    0.000000e+00    0.000000e+00    0.000000e+00    0.000000e+00    0.000000e+00    0.000000e+00    0.000000e+00    0.000000e+00
       51         0    3.591000e-03    3.520320e-03    4.205460e-03    3.002000e-02   3.687140e-02    1.112336e-02    4.743281797660e-01    1.751700489230e+00    2.004033538423e+00    1.560800657310e+00    3.775196725425e-01    1.938890700843e+00    1.104257578335e+00    1.255749920226e+00    5.923574967357e-01    0.000000e+00    0.000000e+00    0.000000e+00    0.000000e+00    0.000000e+00    0.000000e+00    0.000000e+00    0.000000e+00    0.000000e+00    0.000000e+00    0.000000e+00    0.000000e+00
       52         0    6.517760e-03    7.786960e-03    5.110620e-03    3.085448e-02   4.417196e-02    1.485724e-02    2.418518456263e+00    1.266197974582e+00    9.399565911917e-01    1.170291734902e+00    2.105803335535e+00    7.078337928880e-01    2.129209486923e+00    2.497691831210e+00    1.844105272739e+00    0.000000e+00    0.000000e+00    0.000000e+00    0.000000e+00    0.000000e+00    0.000000e+00    0.000000e+00    0.000000e+00    0.000000e+00    0.000000e+00    0.000000e+00    0.000000e+00
       53         0    1.285540e-03    1.046900e-03    1.251720e-03    2.449328e-02   1.990744e-02    9.188400e-03    3.471999126838e-01    1.430285398539e+00    1.255489110234e+00    1.917839832166e+00    1.137188936389e+00    5.729707428733e-01    1.590804665447e+00    2.668825485017e+00    1.103854521114e+00    0.000000e+00    0.000000e+00    0.000000e+00    0.000000e+00    0.000000e+00    0.000000e+00    0.000000e+00    0.000000e+00    0.000000e+00    0.000000e+00    0.000000e+00    0.000000e+00
       54         0    4.767100e-03    4.830560e-03    4.347200e-03    1.104812e-02   3.390436e-02    1.210604e-02    1.214359374575e+00    3.564369522202e-01    1.570796326795e+00    2.510766901532e+00    1.267058344177e+00    1.037410700702e+00    1.071802080986e+00    1.751227230796e+00    5.406215790171e-01    0.000000e+00    0.000000e+00    0.000000e+00    0.000000e+00    0.000000e+00    0.000000e+00    0.000000e+00    0.000000e+00    0.000000e+00    0.000000e+00    0.000000e+00    0.000000e+00
       55         0    3.320820e-03    2.932840e-03    1.662120e-03    2.791176e-02   2.775672e-02    1.137416e-02    2.498625388361e+00    1.833926300026e+00    2.141490245604e+00    1.721425322896e+00    2.465961176762e+00    9.144275896976e-01    2.189810013975e+00    9.640127860171e-01    9.517826396144e-01    0.000000e+00    0.000000e+00    0.000000e+00    0.000000e+00    0.000000e+00    0.000000e+00    0.000000e+00    0.000000e+00    0.000000e+00    0.000000e+00    0.000000e+00    0.000000e+00
       56         0    3.915520e-03    4.062580e-03    2.420600e-03    1.994088e-02   3.026548e-02    1.208096e-02    2.761253781686e-01    1.409747888374e+00    1.348484029108e+00    1.399585863776e+00    1.265409437378e+00    2.799559984613e+00    1.793108624482e+00    3.420326689764e-01    1.307179741753e+00    0.000000e+00    0.000000e+00    0.000000e+00    0.000000e+00    0.000000e+00    0.000000e+00    0.000000e+00    0.000000e+00    0.000000e+00    0.000000e+00    0.000000e+00    0.000000e+00
       57         0    3.813300e-03    2.721180e-03    4.214200e-03    1.505788e-02   1.164396e-02    1.211440e-02    1.907607948088e+00    4.706067978735e-01    1.886463218002e+00    1.600844443120e+00    1.244575978614e+00    3.131091240958e-01    2.797452706953e+00    1.897016674976e+00    1.490594119499e+00    0.000000e+00    0.000000e+00    0.000000e+00    0.000000e+00    0.000000e+00    0.000000e+00    0.000000e+00    0.000000e+00    0.000000e+00    0.000000e+00    0.000000e+00    0.000000e+00
       58         0    5.155460e-03    6.441380e-03    5.552940e-03    2.625800e-02   3.281756e-02    1.582928e-02    1.886692744343e+00    1.158337913178e+00    5.318803138446e-01    2.830661533117e+00    1.772594554735e+00    1.824033546353e+00    1.500587674511e+00    2.695040085921e+00    1.114140515076e+00    0.000000e+00    0.000000e+00    0.000000e+00    0.000000e+00    0.000000e+00    0.000000e+00    0.000000e+00    0.000000e+00    0.000000e+00    0.000000e+00    0.000000e+00    0.000000e+00
       59         0    3.686380e-03    5.185100e-03    3.657120e-03    4.178328e-02   1.218280e-02    1.383504e-02    1.115613562871e+00    1.148723836778e+00    6.446321465809e-01    5.561793100327e-01    1.480751095438e+00    2.117130553913e+00    1.864765933915e+00    4.293717128593e-01    1.885712571055e+00    0.000000e+00    0.000000e+00    0.000000e+00    0.000000e+00    0.000000e+00    0.000000e+00    0.000000e+00    0.000000e+00    0.000000e+00    0.000000e+00    0.000000e+00    0.000000e+00
       60         0    2.420980e-03    4.376080e-03    5.652120e-03    4.020704e-02   3.985364e-02    1.365112e-02    7.973514932112e-01    1.287583757446e+00    8.517280023865e-01    1.359649641912e+00    2.851040154307e+00    1.380020059047e+00    2.330386218947e+00    1.570796326795e+00    7.546018028232e-01    0.000000e+00    0.000000e+00    0.000000e+00    0.000000e+00    0.000000e+00    0.000000e+00    0.000000e+00    0.000000e+00    0.000000e+00    0.000000e+00    0.000000e+00    0.000000e+00
       61         0    5.806400e-03    3.854720e-03    3.565540e-03    1.855920e-02   3.527540e-02    1.364200e-02    1.111853681560e+00    2.075185966479e+00    7.149678157759e-01    2.490442320816e+00    2.232117032635e+00    1.500260513333e+00    1.123053211955e+00    2.244939114374e+00    2.284228067782e+00    0.000000e+00    0.000000e+00    0.000000e+00    0.000000e+00    0.000000e+00    0.000000e+00    0.000000e+00    0.000000e+00    0.000000e+00    0.000000e+00    0.000000e+00    0.000000e+00
       62         0    2.897880e-03    2.926760e-03    3.484980e-03    3.215484e-02   2.778256e-02    1.353788e-02    1.610885292824e+00    2.770188937365e+00    1.201773665240e+00    8.876555447377e-01    1.876104086568e+00    2.362268326954e+00    6.895916098186e-01    1.379255684759e+00    9.132293235961e-01    0.000000e+00    0.000000e+00    0.000000e+00    0.000000e+00    0.000000e+00    0.000000e+00    0.000000e+00    0.000000e+00    0.000000e+00    0.000000e+00    0.000000e+00    0.000000e+00
       63         0    2.161060e-03    2.683940e-03    2.550560e-03    4.050116e-02   2.050100e-02    1.344364e-02    1.510969547972e+00    1.822577706908e+00    2.590931258852e-01    2.846095692304e+00    1.843213163696e+00    1.580761674419e+00    1.308711497569e+00    2.756495628554e+00    1.822577706908e+00    0.000000e+00    0.000000e+00    0.000000e+00    0.000000e+00    0.000000e+00    0.000000e+00    0.000000e+00    0.000000e+00    0.000000e+00    0.000000e+00    0.000000e+00    0.000000e+00
       64         0    4.900100e-03    4.422060e-03    4.420920e-03    4.463556e-02   2.577616e-02    1.375144e-02    7.373406155575e-01    1.058509722686e+00    1.092619701635e+00    9.144661322055e-01    2.465898747904e+00    1.731543740672e+00    1.854692574483e+00    1.982466010725e+00    4.942849382645e-01    0.000000e+00    0.000000e+00    0.000000e+00    0.000000e+00    0.000000e+00    0.000000e+00    0.000000e+00    0.000000e+00    0.000000e+00    0.000000e+00    0.000000e+00    0.000000e+00
       65         0    3.708420e-03    2.120780e-03    1.819440e-03    2.139856e-02   7.063440e-03    1.390116e-02    7.777442894574e-01    1.368720145985e+00    2.308185204553e+00    1.560760973527e+00    2.870122592225e+00    1.855616813976e+00    2.349648482450e+00    1.378953220110e+00    2.321827052509e+00    0.000000e+00    0.000000e+00    0.000000e+00    0.000000e+00    0.000000e+00    0.000000e+00    0.000000e+00    0.000000e+00    0.000000e+00    0.000000e+00    0.000000e+00    0.000000e+00
       66         0    2.602240e-03    1.907980e-03    3.122840e-03    4.473208e-02   1.921432e-02    1.328404e-02    1.470447507254e+00    2.694306898788e+00    2.005077100164e+00    1.490565891671e+00    1.994061862961e+00    4.235334649721e-01    1.282531988980e-01    1.440190701573e+00    1.600854999283e+00    0.000000e+00    0.000000e+00    0.000000e+00    0.000000e+00    0.000000e+00    0.000000e+00    0.000000e+00    0.000000e+00    0.000000e+00    0.000000e+00    0.000000e+00    0.000000e+00
       67         0    2.611740e-03    3.135760e-03    2.653920e-03    7.344640e-03   2.582100e-02    1.300056e-02    1.080918763612e+00    4.928888733288e-01    1.520720310003e+00    2.483026339814e+00    1.169698026115e+00    1.069538651791e+00    1.147846920888e+00    1.834115217418e+00    4.928888733288e-01    0.000000e+00    0.000000e+00    0.000000e+00    0.000000e+00    0.000000e+00    0.000000e+00    0.000000e+00    0.000000e+00    0.000000e+00    0.000000e+00    0.000000e+00    0.000000e+00
       68         0    3.443940e-03    3.815200e-03    3.172240e-03    2.651032e-02   1.336916e-02    1.517036e-02    7.956437579454e-01    1.490730803533e+00    2.360042604143e+00    8.368130632504e-01    1.297473371987e+00    8.095454800900e-01    1.318180596642e+00    2.856942977562e+00    1.440460112890e+00    0.000000e+00    0.000000e+00    0.000000e+00    0.000000e+00    0.000000e+00    0.000000e+00    0.000000e+00    0.000000e+00    0.000000e+00    0.000000e+00    0.000000e+00    0.000000e+00
       69         0    5.414240e-03    4.581660e-03    4.555820e-03    3.569644e-02   1.043100e-02    1.632024e-02    1.287583757446e+00    2.344241160379e+00    8.517280023865e-01    8.779577872031e-01    8.649162080768e-01    1.149238434563e+00    2.358286129759e+00    1.256253401588e+00    8.908596717552e-01    0.000000e+00    0.000000e+00    0.000000e+00    0.000000e+00    0.000000e+00    0.000000e+00    0.000000e+00    0.000000e+00    0.000000e+00    0.000000e+00    0.000000e+00    0.000000e+00
       70         0    3.400240e-03    2.451760e-03    1.633240e-03    2.014836e-02   1.323236e-02    1.422948e-02    2.548271793792e+00    1.390010828049e+00    2.128710669631e+00    1.550816961377e+00    2.762440228520e+00    1.938640494937e+00    2.152437521778e+00    1.885631301567e+00    6.932794258901e-01    0.000000e+00    0.000000e+00    0.000000e+00    0.000000e+00    0.000000e+00    0.000000e+00    0.000000e+00    0.000000e+00    0.000000e+00    0.000000e+00    0.000000e+00    0.000000e+00
       71         0    2.811620e-03    3.380860e-03    3.734640e-03    4.117604e-02   1.694192e-02    1.500772e-02    9.263932895795e-01    1.875867066488e+00    2.405190266705e+00    7.213700660859e-01    1.681152423213e+00    8.621831814362e-01    1.854941085204e+00    2.827710318913e+00    1.409910814137e+00    0.000000e+00    0.000000e+00    0.000000e+00    0.000000e+00    0.000000e+00    0.000000e+00    0.000000e+00    0.000000e+00    0.000000e+00    0.000000e+00    0.000000e+00    0.000000e+00
       72         0    2.052380e-03    1.331140e-03    1.733560e-03    3.513860e-02   1.948184e-02    1.325440e-02    1.661231664187e+00    2.313230453179e-01    1.358476426585e+00    9.618826305982e-01    1.691505403734e+00    6.218381625712e-01    6.043990885296e-01    1.378962999412e+00    2.143460019075e+00    0.000000e+00    0.000000e+00    0.000000e+00    0.000000e+00    0.000000e+00    0.000000e+00    0.000000e+00    0.000000e+00    0.000000e+00    0.000000e+00    0.000000e+00    0.000000e+00
       73         0    4.106280e-03    2.686220e-03    3.049500e-03    4.720968e-02   2.089772e-02    1.547588e-02    2.620147215865e+00    1.741051000247e+00    1.083279597556e+00    1.490978262100e+00    5.010748771472e-01    1.071964509037e+00    1.060579233049e+00    2.035882734833e+00    7.265057535963e-01    0.000000e+00    0.000000e+00    0.000000e+00    0.000000e+00    0.000000e+00    0.000000e+00    0.000000e+00    0.000000e+00    0.000000e+00    0.000000e+00    0.000000e+00    0.000000e+00
       74         0    1.086040e-03    1.584220e-03    1.979420e-03    3.403812e-02   1.577684e-02    1.393004e-02    2.036807650558e+00    1.959977858692e+00    6.287084791504e-01    2.238356927511e+00    6.619133816265e-01    1.550824931869e+00    2.277101336995e+00    2.082045012526e+00    2.200761957533e+00    0.000000e+00    0.000000e+00    0.000000e+00    0.000000e+00    0.000000e+00    0.000000e+00    0.000000e+00    0.000000e+00    0.000000e+00    0.000000e+00    0.000000e+00    0.000000e+00
       75         0    1.200420e-03    2.201720e-03    1.374840e-03    4.108864e-02   8.658680e-03    1.453348e-02    1.855410646956e+00    1.389295320542e+00    3.403343655322e-01    2.867604033771e+00    1.631001399507e+00    1.844977919281e+00    1.560768040559e+00    2.955613020239e+00    1.379089994385e+00    0.000000e+00    0.000000e+00    0.000000e+00    0.000000e+00    0.000000e+00    0.000000e+00    0.000000e+00    0.000000e+00    0.000000e+00    0.000000e+00    0.000000e+00    0.000000e+00
       76         0    2.792620e-03    2.981860e-03    2.114700e-03    2.457840e-02   5.309360e-03    1.520304e-02    2.071095770718e+00    1.349128302619e+00    5.558579470052e-01    2.226357123483e+00    2.464653151387e+00    1.721266080615e+00    8.897697909657e-01    2.201380732886e+00    1.035996504212e+00    0.000000e+00    0.000000e+00    0.000000e+00    0.000000e+00    0.000000e+00    0.000000e+00    0.000000e+00    0.000000e+00    0.000000e+00    0.000000e+00    0.000000e+00    0.000000e+00
       77         0    3.202260e-03    3.388460e-03    2.622000e-03    1.165916e-02   1.310468e-02    1.635748e-02    1.590744859584e+00    1.895634425698e+00    3.254952795833e-01    2.816097374006e+00    1.853820664511e+00    1.680727262420e+00    1.266933652853e+00    2.708323412750e+00    1.874659000737e+00    0.000000e+00    0.000000e+00    0.000000e+00    0.000000e+00    0.000000e+00    0.000000e+00    0.000000e+00    0.000000e+00    0.000000e+00    0.000000e+00    0.000000e+00    0.000000e+00
       78         0    7.463960e-03    5.866060e-03    6.089500e-03    1.766468e-02   4.130220e-02    1.766316e-02    2.617822302869e+00    2.091702627469e+00    1.521009116990e+00    1.730730540667e+00    1.193645367028e+00    4.135344130975e-01    2.057603606695e+00    6.659779219593e-01    1.980277176805e+00    0.000000e+00    0.000000e+00    0.000000e+00    0.000000e+00    0.000000e+00    0.000000e+00    0.000000e+00    0.000000e+00    0.000000e+00    0.000000e+00    0.000000e+00    0.000000e+00
       79         0    2.416800e-03    1.999560e-03    9.538000e-04    2.477904e-02   2.714948e-02    1.436704e-02    2.781576403161e+00    1.308950920323e+00    1.329510997507e+00    1.650531093633e+00    2.508935739642e+00    9.551764373658e-01    1.225459325433e+00    1.014925426059e+00    6.815605865359e-01    0.000000e+00    0.000000e+00    0.000000e+00    0.000000e+00    0.000000e+00    0.000000e+00    0.000000e+00    0.000000e+00    0.000000e+00    0.000000e+00    0.000000e+00    0.000000e+00
       80         0    5.835280e-03    4.164420e-03    4.389760e-03    1.703616e-02   1.186588e-02    1.792536e-02    1.570796326795e+00    2.525972764161e+00    2.186416216224e+00    2.624394667508e-01    1.441000441329e+00    1.771262067095e+00    1.329510997507e+00    2.162230476954e+00    6.655994063117e-01    0.000000e+00    0.000000e+00    0.000000e+00    0.000000e+00    0.000000e+00    0.000000e+00    0.000000e+00    0.000000e+00    0.000000e+00    0.000000e+00    0.000000e+00    0.000000e+00
       81         0    3.063180e-03    2.816940e-03    2.567660e-03    2.851672e-02   2.377736e-02    1.597672e-02    1.885810177643e+00    2.388531482366e+00    9.151587145553e-01    3.496769816137e-01    1.721281224790e+00    1.255782475947e+00    1.711180040153e+00    8.370834084140e-01    7.530611712241e-01    0.000000e+00    0.000000e+00    0.000000e+00    0.000000e+00    0.000000e+00    0.000000e+00    0.000000e+00    0.000000e+00    0.000000e+00    0.000000e+00    0.000000e+00    0.000000e+00
       82         0    6.119520e-03    5.030820e-03    5.709880e-03    3.625276e-02   3.689420e-02    1.761300e-02    3.765099627155e-01    1.430341981177e+00    1.223897504778e+00    1.813149817495e+00    2.082857976782e+00    5.735905010083e-01    1.865008014622e+00    5.356109071572e-01    1.137374144747e+00    0.000000e+00    0.000000e+00    0.000000e+00    0.000000e+00    0.000000e+00    0.000000e+00    0.000000e+00    0.000000e+00    0.000000e+00    0.000000e+00    0.000000e+00    0.000000e+00
       83         0    2.139400e-03    4.091460e-03    2.573740e-03    3.531340e-02   1.617660e-02    1.784632e-02    1.732229597650e+00    1.500417551105e+00    1.763553029522e-01    2.965237350638e+00    1.641175102485e+00    1.732229597650e+00    1.510484892480e+00                   nan    1.490343059567e+00    0.000000e+00    0.000000e+00    0.000000e+00    0.000000e+00    0.000000e+00    0.000000e+00    0.000000e+00    0.000000e+00    0.000000e+00    0.000000e+00    0.000000e+00    0.000000e+00
       84         0    1.777640e-03    2.610980e-03    2.865960e-03    3.403964e-02   3.110376e-02    1.583536e-02    9.799604541115e-01    1.481149540985e+00    5.994683933476e-01    1.139783138439e+00    2.657978455695e+00    1.750820664551e+00    2.369158539170e+00    2.034913788105e+00    1.015478804351e+00    0.000000e+00    0.000000e+00    0.000000e+00    0.000000e+00    0.000000e+00    0.000000e+00    0.000000e+00    0.000000e+00    0.000000e+00    0.000000e+00    0.000000e+00    0.000000e+00
       85         0    3.022520e-03    1.988160e-03    1.732040e-03    3.098064e-02   1.552908e-02    1.604740e-02    1.948045430965e+00    8.799744057214e-01    2.314467013897e+00    7.857450759042e-01    1.842949996825e+00    2.274605818106e+00    2.198628728520e+00    2.370023193360e+00    1.937359028305e+00    0.000000e+00    0.000000e+00    0.000000e+00    0.000000e+00    0.000000e+00    0.000000e+00    0.000000e+00    0.000000e+00    0.000000e+00    0.000000e+00    0.000000e+00    0.000000e+00
       86         0    9.796400e-04    8.869200e-04    8.686800e-04    3.360340e-02   1.744580e-02    1.427356e-02    1.013255212115e+00    6.939990221918e-01    1.938409988706e+00    1.610739119824e+00    1.104885261273e+00    4.767503721315e-01    2.584051538909e+00    1.093679400162e+00    1.833361979301e+00    0.000000e+00    0.000000e+00    0.000000e+00    0.000000e+00    0.000000e+00    0.000000e+00    0.000000e+00    0.000000e+00    0.000000e+00    0.000000e+00    0.000000e+00    0.000000e+00
       87         0    1.194112e-02    9.597280e-03    6.146500e-03    1.409496e-02   2.731364e-02    2.149964e-02    2.388638073103e+00    1.137559115167e+00    2.140944944188e+00    1.081744986773e+00    4.957666524279e-01    1.520797982959e+00    2.094135489464e+00    1.349083273117e+00    5.742089230502e-01    0.000000e+00    0.000000e+00    0.000000e+00    0.000000e+00    0.000000e+00    0.000000e+00    0.000000e+00    0.000000e+00    0.000000e+00    0.000000e+00    0.000000e+00    0.000000e+00
       88         0    6.003620e-03    5.146720e-03    4.490460e-03    3.817784e-02   2.288360e-02    1.817692e-02    1.419931331943e+00    2.798855646680e+00    1.265488567022e+00    1.270802566113e-01    1.450270046123e+00    1.671160307391e+00    1.620915092421e+00    1.886627114257e+00    2.830037274255e+00    0.000000e+00    0.000000e+00    0.000000e+00    0.000000e+00    0.000000e+00    0.000000e+00    0.000000e+00    0.000000e+00    0.000000e+00    0.000000e+00    0.000000e+00    0.000000e+00
       89         0    3.829640e-03    4.368100e-03    5.163440e-03    4.008392e-02   3.160536e-02    1.722844e-02    7.412773405540e-01    1.670638699750e+00    8.395026948642e-01    1.060523631989e+00    2.199493820364e+00    2.262603718434e+00    2.047116702712e+00    2.493791536129e+00    1.171534161307e+00    0.000000e+00    0.000000e+00    0.000000e+00    0.000000e+00    0.000000e+00    0.000000e+00    0.000000e+00    0.000000e+00    0.000000e+00    0.000000e+00    0.000000e+00    0.000000e+00
       90         0    2.168280e-03    1.664780e-03    1.389660e-03    3.900928e-02   7.682080e-03    1.543788e-02    2.336273923607e+00    1.409428754190e+00    2.350295391957e+00    1.146464272245e+00    4.652339063190e-01    1.783268337032e+00    2.204910153013e+00    1.113150466424e+00    8.191537578648e-01    0.000000e+00    0.000000e+00    0.000000e+00    0.000000e+00    0.000000e+00    0.000000e+00    0.000000e+00    0.000000e+00    0.000000e+00    0.000000e+00    0.000000e+00    0.000000e+00
       91         0    1.800060e-03    1.831220e-03    1.939140e-03    3.373640e-02   2.211980e-02    1.567576e-02    1.580761674419e+00    5.217046879817e-01    1.049206566054e+00    2.356790319529e+00    1.937721065824e+00    9.174132578356e-01    7.848023340608e-01    1.916454730302e+00    9.048019409349e-01    0.000000e+00    0.000000e+00    0.000000e+00    0.000000e+00    0.000000e+00    0.000000e+00    0.000000e+00    0.000000e+00    0.000000e+00    0.000000e+00    0.000000e+00    0.000000e+00
       92         0    1.285540e-03    1.370660e-03    1.132780e-03    3.131352e-02   1.281512e-02    1.571680e-02    2.038826571311e+00    1.550744794871e+00    4.685293109269e-01    2.421708422998e+00    2.154814047365e+00    1.940032713582e+00    1.068768064535e+00    2.553648677940e+00    1.296699549682e+00    0.000000e+00    0.000000e+00    0.000000e+00    0.000000e+00    0.000000e+00    0.000000e+00    0.000000e+00    0.000000e+00    0.000000e+00    0.000000e+00    0.000000e+00    0.000000e+00
       93         0    1.464520e-03    3.870680e-03    4.205840e-03    2.689716e-02   1.889360e-02    1.703844e-02    9.636651342831e-01    2.533499675912e+00    1.600827877309e+00    1.081025609760e+00    1.265820240564e+00    5.903462128570e-01    2.305818784484e+00    2.071944209160e+00    9.758012450792e-01    0.000000e+00    0.000000e+00    0.000000e+00    0.000000e+00    0.000000e+00    0.000000e+00    0.000000e+00    0.000000e+00    0.000000e+00    0.000000e+00    0.000000e+00    0.000000e+00
       94         0    2.384500e-03    2.884200e-03    2.858740e-03    3.418404e-02   1.897340e-02    1.666148e-02    1.660819032567e+00    7.964747029664e-01    7.824047310273e-01    1.104584291317e+00    8.375782398228e-01    2.213474048492e+00    2.666002381064e+00    1.308069810562e+00    1.949368016574e+00    0.000000e+00    0.000000e+00    0.000000e+00    0.000000e+00    0.000000e+00    0.000000e+00    0.000000e+00    0.000000e+00    0.000000e+00    0.000000e+00    0.000000e+00    0.000000e+00
       95         0    2.147380e-03    2.169420e-03    1.769280e-03    4.739968e-02   1.722920e-02    1.673292e-02    1.431064429918e+00    1.958473816029e+00    4.146608872570e-01    2.680026685317e+00    2.012833030041e+00    1.610600445156e+00    1.161530293358e+00    2.524853812701e+00    1.980062360232e+00    0.000000e+00    0.000000e+00    0.000000e+00    0.000000e+00    0.000000e+00    0.000000e+00    0.000000e+00    0.000000e+00    0.000000e+00    0.000000e+00    0.000000e+00    0.000000e+00
       96         0    3.587200e-03    2.647840e-03    2.068720e-03    1.933592e-02   2.961264e-02    1.657028e-02    2.287177271124e+00    7.284547167225e-01    1.680459250425e+00    7.863880670336e-01    8.544153824659e-01    1.329681569385e+00    1.822169976389e+00    1.640498461124e+00    2.650075413051e-01    0.000000e+00    0.000000e+00    0.000000e+00    0.000000e+00    0.000000e+00    0.000000e+00    0.000000e+00    0.000000e+00    0.000000e+00    0.000000e+00    0.000000e+00    0.000000e+00
       97         0    3.621400e-03    3.861560e-03    3.133480e-03    1.253544e-02   1.664096e-02    1.879556e-02    3.597527767598e-01    1.256996070359e+00    1.400703657879e+00    1.530956687231e+00    1.182754598207e+00    2.728962715985e+00    1.926771575377e+00    5.230834375240e-01    1.214821078213e+00    0.000000e+00    0.000000e+00    0.000000e+00    0.000000e+00    0.000000e+00    0.000000e+00    0.000000e+00    0.000000e+00    0.000000e+00    0.000000e+00    0.000000e+00    0.000000e+00
       98         0    1.601700e-03    2.274300e-03    1.935340e-03    4.239432e-02   2.601404e-02    1.675192e-02    1.091657270395e+00    2.571505833057e+00    1.286358365127e+00    9.989424100090e-01    1.034302321050e+00    8.345936108275e-01    2.362522501629e+00    1.731844765216e+00    8.072009742025e-01    0.000000e+00    0.000000e+00    0.000000e+00    0.000000e+00    0.000000e+00    0.000000e+00    0.000000e+00    0.000000e+00    0.000000e+00    0.000000e+00    0.000000e+00    0.000000e+00
       99         0    2.777800e-03    2.102540e-03    1.668580e-03    4.927460e-02   2.448112e-02    1.793980e-02    1.993205444252e+00    2.265211315128e+00    2.278295245755e+00    1.650873882311e+00    2.332190069201e+00    7.670977369957e-01    2.713860990089e+00    1.223915577459e+00    1.338742273924e+00    0.000000e+00    0.000000e+00    0.000000e+00    0.000000e+00    0.000000e+00    0.000000e+00    0.000000e+00    0.000000e+00    0.000000e+00    0.000000e+00    0.000000e+00    0.000000e+00
      100         0    2.392860e-03    2.928660e-03    1.486940e-03    4.473056e-02   3.033388e-02    1.800516e-02    1.138043534193e+00    1.104785003032e+00    6.619133816265e-01    1.093576326567e+00    8.775440009640e-01    2.225705301793e+00    2.463598834886e+00    9.032357260787e-01    1.500844055279e+00    0.000000e+00    0.000000e+00    0.000000e+00    0.000000e+00    0.000000e+00    0.000000e+00    0.000000e+00    0.000000e+00    0.000000e+00    0.000000e+00    0.000000e+00    0.000000e+00
      101         0    2.841260e-03    2.166760e-03    2.471900e-03    2.307816e-02   2.657036e-02    1.782428e-02    7.388786283192e-01    1.938659723402e+00    2.176575093523e+00    2.304059355660e+00    1.981855681445e+00    2.251499375468e+00    1.560806644136e+00    2.566458590530e+00    1.001031677901e+00    0.000000e+00    0.000000e+00    0.000000e+00    0.000000e+00    0.000000e+00    0.000000e+00    0.000000e+00    0.000000e+00    0.000000e+00    0.000000e+00    0.000000e+00    0.000000e+00
      102         0    3.597840e-03    3.876000e-03    5.182060e-03    2.139020e-02   9.205880e-03    1.979040e-02    1.430172027803e+00    4.486423833534e-01    1.147824363716e+00    2.202697227497e+00    1.834128727100e+00    7.061350499532e-01    6.585015484031e-01    1.928797884898e+00    1.046532323073e+00    0.000000e+00    0.000000e+00    0.000000e+00    0.000000e+00    0.000000e+00    0.000000e+00    0.000000e+00    0.000000e+00    0.000000e+00    0.000000e+00    0.000000e+00    0.000000e+00
      103         0    1.814880e-03    1.108080e-03    7.299800e-04    3.301212e-02   1.447876e-02    1.745264e-02    1.876532119628e+00    1.540692287260e+00    3.073104196534e-01    1.570796326795e+00                   nan    1.540692287260e+00    3.073104196534e-01    1.560762994203e+00    1.265060533962e+00    0.000000e+00    0.000000e+00    0.000000e+00    0.000000e+00    0.000000e+00    0.000000e+00    0.000000e+00    0.000000e+00    0.000000e+00    0.000000e+00    0.000000e+00    0.000000e+00
      104         0    5.133800e-04    6.061000e-04    7.254200e-04    5.043360e-02   2.355696e-02    1.640004e-02    1.224976884879e+00    7.701388620830e-01    2.224521775743e+00    1.002305931183e+00    2.315746851007e+00    2.092643084749e+00    6.956111449431e-01    1.410597772883e+00    9.044505250587e-01    0.000000e+00    0.000000e+00    0.000000e+00    0.000000e+00    0.000000e+00    0.000000e+00    0.000000e+00    0.000000e+00    0.000000e+00    0.000000e+00    0.000000e+00    0.000000e+00
      105         0    3.967580e-03    4.218760e-03    5.777140e-03    3.179460e-02   2.751808e-02    1.946436e-02    1.741256300803e+00    3.240172685533e-01    1.298004198538e+00    1.460810453009e+00    1.822923277714e+00    2.910516199608e-01    2.930964470695e+00    1.761543747760e+00    1.510889085392e+00    0.000000e+00    0.000000e+00    0.000000e+00    0.000000e+00    0.000000e+00    0.000000e+00    0.000000e+00    0.000000e+00    0.000000e+00    0.000000e+00    0.000000e+00    0.000000e+00
      106         0    4.556200e-04    5.939400e-04    2.542200e-04    4.836868e-02   1.591212e-02    1.631644e-02    1.328726602810e+00    9.529202324052e-01    6.776221709481e-01    1.245471396083e+00    7.682359747856e-01    2.238592835334e+00    2.736074174713e+00    1.170672012097e+00    1.580784514428e+00    0.000000e+00    0.000000e+00    0.000000e+00    0.000000e+00    0.000000e+00    0.000000e+00    0.000000e+00    0.000000e+00    0.000000e+00    0.000000e+00    0.000000e+00    0.000000e+00
      107         0    1.875300e-03    3.603540e-03    3.421140e-03    2.673072e-02   2.695948e-02    1.898860e-02    1.024825956995e+00    5.571412522496e-01    1.670818334735e+00    1.938505980203e+00    1.245555488935e+00    4.976081413294e-01    6.936994230247e-01    2.003572150007e+00    1.082275808010e+00    0.000000e+00    0.000000e+00    0.000000e+00    0.000000e+00    0.000000e+00    0.000000e+00    0.000000e+00    0.000000e+00    0.000000e+00    0.000000e+00    0.000000e+00    0.000000e+00
      108         0    7.520960e-03    6.268100e-03    6.293560e-03    2.358964e-02   1.865268e-02    2.246560e-02    5.137352871170e-01    1.844484270239e+00    1.147869474442e+00    2.072026546831e+00    2.292539361852e+00    9.513186657661e-01    1.460456887532e+00    2.347225174601e+00    2.361355419593e+00    0.000000e+00    0.000000e+00    0.000000e+00    0.000000e+00    0.000000e+00    0.000000e+00    0.000000e+00    0.000000e+00    0.000000e+00    0.000000e+00    0.000000e+00    0.000000e+00
      109         0    3.405560e-03    2.406920e-03    1.414740e-03    4.463480e-02   2.579668e-02    1.814196e-02    1.981226415533e+00    6.631899951515e-01    1.082831303687e+00    5.773575709508e-01    1.025460945810e+00    1.731083285767e+00    1.192779052429e+00    1.906229339726e+00    5.199719387502e-01    0.000000e+00    0.000000e+00    0.000000e+00    0.000000e+00    0.000000e+00    0.000000e+00    0.000000e+00    0.000000e+00    0.000000e+00    0.000000e+00    0.000000e+00    0.000000e+00
      110         0    3.913240e-03    2.927900e-03    2.270120e-03    4.147320e-02   1.210832e-02    1.934960e-02    9.289759853873e-01    2.104652094047e+00    9.038243793333e-01    2.495107563640e+00    2.003204102365e+00    1.138388551224e+00    1.520887731820e+00    2.416319376113e+00    2.289646770078e+00    0.000000e+00    0.000000e+00    0.000000e+00    0.000000e+00    0.000000e+00    0.000000e+00    0.000000e+00    0.000000e+00    0.000000e+00    0.000000e+00    0.000000e+00    0.000000e+00
      111         0    1.900000e-04    1.140000e-04    1.140000e-04    8.892000e-03   1.345200e-02    1.634000e-02    1.570796326795e+00    1.570796326795e+00    0.000000000000e+00    1.570796326795e+00    0.000000000000e+00    1.570796326795e+00    0.000000000000e+00    1.570796326795e+00    1.570796326795e+00    0.000000e+00    0.000000e+00    0.000000e+00    0.000000e+00    0.000000e+00    0.000000e+00    0.000000e+00    0.000000e+00    0.000000e+00    0.000000e+00    0.000000e+00    0.000000e+00
      112         0    3.691700e-03    3.477000e-03    2.866340e-03    2.444996e-02   3.921828e-02    2.019320e-02    1.742128486598e+00    1.641058010057e+00    1.854443185112e-01    8.997498994791e-01    6.884326233790e-01    1.409633545363e+00    2.453160030211e+00    8.868779834465e-01    1.651115672370e+00    0.000000e+00    0.000000e+00    0.000000e+00    0.000000e+00    0.000000e+00    0.000000e+00    0.000000e+00    0.000000e+00    0.000000e+00    0.000000e+00    0.000000e+00    0.000000e+00
      113         0    4.912640e-03    2.921820e-03    2.788440e-03    3.037340e-02   9.061480e-03    1.876212e-02    1.843825547270e+00    2.882091775462e-01    1.660801024267e+00    3.214844848621e-01    1.318451062609e+00    1.751545360594e+00    1.420424898788e+00    1.430518362306e+00    2.066270298149e-01    0.000000e+00    0.000000e+00    0.000000e+00    0.000000e+00    0.000000e+00    0.000000e+00    0.000000e+00    0.000000e+00    0.000000e+00    0.000000e+00    0.000000e+00    0.000000e+00
      114         0    3.420380e-03    4.899720e-03    3.378200e-03    2.479804e-02   7.237480e-03    2.096232e-02    1.995744731565e+00    2.380369732513e+00    9.847754794267e-01    1.347730961890e+00    2.310021714597e+00    2.365901874540e+00    2.657033307148e+00    1.399009867585e+00    2.017932125624e+00    0.000000e+00    0.000000e+00    0.000000e+00    0.000000e+00    0.000000e+00    0.000000e+00    0.000000e+00    0.000000e+00    0.000000e+00    0.000000e+00    0.000000e+00    0.000000e+00
      115         0    4.208120e-03    2.632260e-03    3.646860e-03    4.507104e-02   1.567804e-02    2.089620e-02    1.307517952739e+00    1.244745491836e+00    4.254193797258e-01    2.266087263937e+00    7.063700007354e-01    1.661004243064e+00    2.375586186155e+00    2.165825313189e+00    1.147914570692e+00    0.000000e+00    0.000000e+00    0.000000e+00    0.000000e+00    0.000000e+00    0.000000e+00    0.000000e+00    0.000000e+00    0.000000e+00    0.000000e+00    0.000000e+00    0.000000e+00
      116         0    3.795440e-03    3.152860e-03    2.408440e-03    4.870840e-02   2.870672e-02    1.966804e-02    1.761784538319e+00    5.749030577022e-01    2.105448307784e+00    2.854733093878e+00    1.620772188031e+00    1.297655319285e+00    1.369621866662e+00    1.000935759311e+00    6.278845891053e-01    0.000000e+00    0.000000e+00    0.000000e+00    0.000000e+00    0.000000e+00    0.000000e+00    0.000000e+00    0.000000e+00    0.000000e+00    0.000000e+00    0.000000e+00    0.000000e+00
      117         0    4.297800e-03    3.546540e-03    3.112200e-03    4.622852e-02   2.194652e-02    2.055420e-02    9.633865759577e-01    6.583071612936e-01    1.792904562997e+00    6.417623717734e-01    2.215274699264e+00    1.650986445567e+00    1.369172518819e+00    1.440256565677e+00    2.403132607522e-01    0.000000e+00    0.000000e+00    0.000000e+00    0.000000e+00    0.000000e+00    0.000000e+00    0.000000e+00    0.000000e+00    0.000000e+00    0.000000e+00    0.000000e+00    0.000000e+00
      118         0    2.595400e-04    3.275600e-04    2.964000e-04    5.075204e-02   2.850304e-02    1.753320e-02    1.071802080986e+00    2.600971074573e+00    1.380221712124e+00    1.235553930837e+00    1.192996191723e+00    5.209262376793e-01    2.510766901532e+00    1.927233279015e+00    1.094373395424e+00    0.000000e+00    0.000000e+00    0.000000e+00    0.000000e+00    0.000000e+00    0.000000e+00    0.000000e+00    0.000000e+00    0.000000e+00    0.000000e+00    0.000000e+00    0.000000e+00
      119         0    2.527000e-04    2.945000e-04    2.606800e-04    5.060916e-02   2.851368e-02    1.764112e-02    1.950564327525e+00    5.122217922628e-01    1.897169463384e+00    2.467840689356e+00    2.072493899681e+00    1.983144922715e+00    2.095495553995e+00    1.470437400647e+00    5.323066815885e-01    0.000000e+00    0.000000e+00    0.000000e+00    0.000000e+00    0.000000e+00    0.000000e+00    0.000000e+00    0.000000e+00    0.000000e+00    0.000000e+00    0.000000e+00    0.000000e+00
      120         0    2.373100e-03    1.801580e-03    1.355080e-03    4.800008e-02   1.847028e-02    1.931616e-02    2.760941789725e+00    1.761630327396e+00    1.895953137048e+00    1.731212136627e+00    2.164036417208e+00    6.289825735843e-01    1.917100239602e+00    6.289825735843e-01    1.071069173875e+00    0.000000e+00    0.000000e+00    0.000000e+00    0.000000e+00    0.000000e+00    0.000000e+00    0.000000e+00    0.000000e+00    0.000000e+00    0.000000e+00    0.000000e+00    0.000000e+00
      121         0    9.914200e-04    9.488600e-04    9.340400e-04    2.815268e-02   2.572372e-02    1.860784e-02    9.028424042574e-01    7.086500340401e-01    1.771950433355e+00    1.349207038258e+00    1.490790883553e+00    2.495184263610e-01    2.432942619550e+00    8.771294528183e-01    1.460683782001e+00    0.000000e+00    0.000000e+00    0.000000e+00    0.000000e+00    0.000000e+00    0.000000e+00    0.000000e+00    0.000000e+00    0.000000e+00    0.000000e+00    0.000000e+00    0.000000e+00
      122         0    3.387700e-03    2.644420e-03    3.529060e-03    4.025340e-02   1.565600e-02    2.083160e-02    1.297878756144e+00    4.312189407691e-01    1.245639516541e+00    2.128337441475e+00    1.711017989515e+00    5.761329412437e-01    2.495834037442e+00    1.160019415542e+00    2.025564322998e+00    0.000000e+00    0.000000e+00    0.000000e+00    0.000000e+00    0.000000e+00    0.000000e+00    0.000000e+00    0.000000e+00    0.000000e+00    0.000000e+00    0.000000e+00    0.000000e+00
      123         0    6.448600e-04    3.059000e-04    3.051400e-04    2.375988e-02   1.441948e-02    1.839808e-02    1.700975608053e+00    2.164204482990e+00    6.114550845496e-01    8.775025804749e-01    9.530974064322e-01    1.048032691416e+00    2.432419205111e+00    9.407943487855e-01    1.287424190672e+00    0.000000e+00    0.000000e+00    0.000000e+00    0.000000e+00    0.000000e+00    0.000000e+00    0.000000e+00    0.000000e+00    0.000000e+00    0.000000e+00    0.000000e+00    0.000000e+00
      124         0    5.012200e-04    8.325800e-04    5.225000e-04    2.335024e-02   1.458592e-02    1.858960e-02    2.082577203318e+00    1.949586492316e+00    6.606951081897e-01    5.165628647335e-01    1.875316161075e+00    1.159519310006e+00    1.490754851779e+00    4.959513319139e-01    1.081798147222e+00    0.000000e+00    0.000000e+00    0.000000e+00    0.000000e+00    0.000000e+00    0.000000e+00    0.000000e+00    0.000000e+00    0.000000e+00    0.000000e+00    0.000000e+00    0.000000e+00
      125         0    2.365880e-03    4.086520e-03    2.750820e-03    3.551176e-02   3.201500e-02    2.184316e-02    1.982728416254e+00    1.671059363281e+00    4.254193797258e-01    4.254193797258e-01    1.681124665476e+00    1.169761764406e+00    1.510703083873e+00    1.346986698325e-01    1.430200396213e+00    0.000000e+00    0.000000e+00    0.000000e+00    0.000000e+00    0.000000e+00    0.000000e+00    0.000000e+00    0.000000e+00    0.000000e+00    0.000000e+00    0.000000e+00    0.000000e+00
      126         0    5.405500e-03    5.305180e-03    5.605000e-03    2.971448e-02   2.332212e-02    2.263356e-02    1.083068790580e+00    2.545547593910e+00    1.885031858276e+00    1.002242423677e+00    1.570796326795e+00    5.780441325277e-01    8.121033726236e-01    9.783944005301e-01    2.036082247779e+00    0.000000e+00    0.000000e+00    0.000000e+00    0.000000e+00    0.000000e+00    0.000000e+00    0.000000e+00    0.000000e+00    0.000000e+00    0.000000e+00    0.000000e+00    0.000000e+00
      127         0    2.200200e-04    2.314200e-04    1.767000e-04    2.348628e-02   1.416488e-02    1.899772e-02    2.302000830028e+00    1.905934886892e+00    8.395918235615e-01    2.356939498911e+00    1.570796326795e+00    2.356939498911e+00    1.802086313566e+00    3.572365649259e-01    1.339506340024e+00    0.000000e+00    0.000000e+00    0.000000e+00    0.000000e+00    0.000000e+00    0.000000e+00    0.000000e+00    0.000000e+00    0.000000e+00    0.000000e+00    0.000000e+00    0.000000e+00
      128         0    3.446980e-03    2.505340e-03    2.874700e-03    2.703852e-02   1.202168e-02    2.200200e-02    1.731673706140e+00    2.266254497537e+00    7.214270475454e-01    1.348722046227e+00    7.657980753669e-01    8.489650741820e-01    2.861775337693e+00    1.297080246669e+00    1.550771948856e+00    0.000000e+00    0.000000e+00    0.000000e+00    0.000000e+00    0.000000e+00    0.000000e+00    0.000000e+00    0.000000e+00    0.000000e+00    0.000000e+00    0.000000e+00    0.000000e+00
      129         0    2.655820e-03    2.432380e-03    2.288360e-03    3.145792e-02   1.327568e-02    2.057472e-02    3.377656977300e-01    1.908400879739e+00    1.580833701961e+00    1.264933362938e+00    5.292226825210e-01    1.994923528351e+00    1.419663543850e+00    1.179471038827e+00    4.192713738517e-01    0.000000e+00    0.000000e+00    0.000000e+00    0.000000e+00    0.000000e+00    0.000000e+00    0.000000e+00    0.000000e+00    0.000000e+00    0.000000e+00    0.000000e+00    0.000000e+00
      130         0    4.077780e-03    3.965300e-03    1.810320e-03    4.601800e-02   3.549200e-02    2.135448e-02    2.874138031774e+00    1.530600223937e+00    1.306526704631e+00    1.520543579332e+00    2.806421622882e+00    1.222204280207e+00    1.306526704631e+00    1.222204280207e+00    4.413664663067e-01    0.000000e+00    0.000000e+00    0.000000e+00    0.000000e+00    0.000000e+00    0.000000e+00    0.000000e+00    0.000000e+00    0.000000e+00    0.000000e+00    0.000000e+00    0.000000e+00
      131         0    1.254000e-03    1.792840e-03    1.664400e-03    4.160392e-02   9.518240e-03    2.037028e-02    1.470774318855e+00    2.116766696595e+00    5.571412522496e-01    2.934253265162e+00    1.460733401021e+00    1.390074627229e+00    1.761678478172e+00    2.584451401340e+00    2.093559962174e+00    0.000000e+00    0.000000e+00    0.000000e+00    0.000000e+00    0.000000e+00    0.000000e+00    0.000000e+00    0.000000e+00    0.000000e+00    0.000000e+00    0.000000e+00    0.000000e+00
      132         0    6.847600e-04    6.296600e-04    5.266800e-04    4.532260e-02   2.014532e-02    1.941648e-02    2.732839938153e+00    1.450819489069e+00    1.182063774091e+00    1.430701095587e+00    2.494646246372e+00    9.416287206392e-01    1.192818560203e+00    9.416287206392e-01    7.696773082801e-01    0.000000e+00    0.000000e+00    0.000000e+00    0.000000e+00    0.000000e+00    0.000000e+00    0.000000e+00    0.000000e+00    0.000000e+00    0.000000e+00    0.000000e+00    0.000000e+00
      133         0    1.226640e-03    1.770040e-03    1.388900e-03    3.930568e-02   9.901280e-03    2.048276e-02    1.823296036476e+00    7.960840177821e-01    8.372184651854e-01    2.164709550024e+00    2.291000935992e+00    1.059099591663e+00    6.608878246372e-01    1.823296036476e+00    9.768831035661e-01    0.000000e+00    0.000000e+00    0.000000e+00    0.000000e+00    0.000000e+00    0.000000e+00    0.000000e+00    0.000000e+00    0.000000e+00    0.000000e+00    0.000000e+00    0.000000e+00
      134         0    2.660000e-03    2.759560e-03    3.305620e-03    2.823096e-02   3.993496e-02    2.222392e-02    8.417208587467e-01    2.102604423742e+00    2.149410857373e+00    1.400950038711e+00    2.222475689500e+00    6.988067973759e-01    7.728906800728e-01    9.191169640897e-01    1.246991744598e+00    0.000000e+00    0.000000e+00    0.000000e+00    0.000000e+00    0.000000e+00    0.000000e+00    0.000000e+00    0.000000e+00    0.000000e+00    0.000000e+00    0.000000e+00    0.000000e+00
      135         0    1.224360e-03    1.535960e-03    1.465280e-03    4.307604e-02   2.454648e-02    2.047060e-02    1.179616445915e+00    3.947374237635e-01    1.520606912034e+00    2.321686078083e+00    1.243929406174e+00    2.294576850723e+00    2.242202415434e+00    1.348222463343e+00    7.189082013313e-01    0.000000e+00    0.000000e+00    0.000000e+00    0.000000e+00    0.000000e+00    0.000000e+00    0.000000e+00    0.000000e+00    0.000000e+00    0.000000e+00    0.000000e+00    0.000000e+00
      136         0    2.660000e-04    2.424400e-04    3.321200e-04    5.043436e-02   2.222696e-02    1.957456e-02    1.429478792785e+00    2.473044709605e+00    2.218846119507e+00    1.651367837425e+00    2.244332487824e+00    6.685479439850e-01    8.953968124412e-02    1.510396335955e+00    1.419309415256e+00    0.000000e+00    0.000000e+00    0.000000e+00    0.000000e+00    0.000000e+00    0.000000e+00    0.000000e+00    0.000000e+00    0.000000e+00    0.000000e+00    0.000000e+00    0.000000e+00
      137         0    3.579600e-04    2.306600e-04    3.556800e-04    5.024132e-02   2.216084e-02    1.972656e-02    1.752918766860e+00    3.878859338764e-01    1.232321950081e+00    1.123345033493e+00    1.178448618331e+00    2.541157806434e+00    4.833081375413e-01    1.560734083782e+00    1.078197369975e+00    0.000000e+00    0.000000e+00    0.000000e+00    0.000000e+00    0.000000e+00    0.000000e+00    0.000000e+00    0.000000e+00    0.000000e+00    0.000000e+00    0.000000e+00    0.000000e+00
      138         0    1.938000e-03    1.964600e-03    2.169420e-03    3.850464e-02   8.164680e-03    2.171320e-02    5.237703507205e-01    1.832562071441e+00    2.013067416863e+00    1.236123835558e+00    1.905468818032e+00    5.035129916962e-01    1.193645367028e+00    4.376434008456e-01    1.370390985916e+00    0.000000e+00    0.000000e+00    0.000000e+00    0.000000e+00    0.000000e+00    0.000000e+00    0.000000e+00    0.000000e+00    0.000000e+00    0.000000e+00    0.000000e+00    0.000000e+00
      139         0    2.308880e-03    2.919160e-03    3.066220e-03    2.577388e-02   3.153848e-02    2.215400e-02    7.075416738545e-01    2.252308980391e+00    1.731478875951e+00    1.307787585864e+00    1.500742542050e+00    2.839654745827e-01    9.273327146621e-01    6.920155090816e-01    1.792599521882e+00    0.000000e+00    0.000000e+00    0.000000e+00    0.000000e+00    0.000000e+00    0.000000e+00    0.000000e+00    0.000000e+00    0.000000e+00    0.000000e+00    0.000000e+00    0.000000e+00
      140         0    1.627540e-03    1.702400e-03    2.301280e-03    2.372720e-02   2.609308e-02    2.139780e-02    1.451046713077e+00    2.659489636566e+00    2.035310568184e+00    2.261577280310e+00    1.288305676735e+00    2.369972249574e+00    7.126942642172e-01    1.193566857647e+00    2.126605658536e+00    0.000000e+00    0.000000e+00    0.000000e+00    0.000000e+00    0.000000e+00    0.000000e+00    0.000000e+00    0.000000e+00    0.000000e+00    0.000000e+00    0.000000e+00    0.000000e+00
      141         0    3.993800e-04    5.411200e-04    4.449800e-04    4.792408e-02   1.689784e-02    2.026312e-02    2.058128825250e+00    1.680612159741e+00    5.017089633924e-01    6.146371621363e-01    2.002539410655e+00    1.171722666933e+00    1.235778786530e+00    4.585656144413e-01    1.277684297456e+00    0.000000e+00    0.000000e+00    0.000000e+00    0.000000e+00    0.000000e+00    0.000000e+00    0.000000e+00    0.000000e+00    0.000000e+00    0.000000e+00    0.000000e+00    0.000000e+00
      142         0    3.104980e-03    2.236680e-03    2.501160e-03    4.461656e-02   2.883060e-02    2.188572e-02    1.875646345461e+00    3.751153967952e-01    1.359113890429e+00    6.259527433272e-01    1.191588016663e+00    2.049050769824e+00    1.046908635275e+00    1.610827032201e+00    5.346827701756e-01    0.000000e+00    0.000000e+00    0.000000e+00    0.000000e+00    0.000000e+00    0.000000e+00    0.000000e+00    0.000000e+00    0.000000e+00    0.000000e+00    0.000000e+00    0.000000e+00
      143         0    4.504140e-03    5.483780e-03    3.762000e-03    3.999652e-02   2.519552e-02    2.382752e-02    1.864103282840e+00    6.799059888149e-01    2.163131355308e+00    2.847568236797e+00    1.791926128637e+00    1.390365422794e+00    1.550855727669e+00    9.419542973663e-01    6.308257520576e-01    0.000000e+00    0.000000e+00    0.000000e+00    0.000000e+00    0.000000e+00    0.000000e+00    0.000000e+00    0.000000e+00    0.000000e+00    0.000000e+00    0.000000e+00    0.000000e+00
      144         0    1.736600e-04    3.359200e-04    1.869600e-04    4.763604e-02   1.677396e-02    2.056636e-02    1.590866022866e+00    1.752408166996e+00    1.827420313552e-01    2.802967875088e+00    1.233297822118e+00    1.530648845022e+00    1.908294831472e+00    2.773952812848e+00    1.752408166996e+00    0.000000e+00    0.000000e+00    0.000000e+00    0.000000e+00    0.000000e+00    0.000000e+00    0.000000e+00    0.000000e+00    0.000000e+00    0.000000e+00    0.000000e+00    0.000000e+00
      145         0    1.857820e-03    2.991360e-03    3.096240e-03    3.081268e-02   3.461344e-02    2.383284e-02    1.895953137048e+00    1.843713897446e+00    4.312189407691e-01    2.432128861372e+00    8.646613678851e-01    1.650745817203e+00    2.176126318273e+00    2.358586366965e+00    1.992488279887e+00    0.000000e+00    0.000000e+00    0.000000e+00    0.000000e+00    0.000000e+00    0.000000e+00    0.000000e+00    0.000000e+00    0.000000e+00    0.000000e+00    0.000000e+00    0.000000e+00
      146         0    2.428200e-04    3.344000e-04    2.998200e-04    4.185472e-02   1.821872e-02    2.055876e-02    8.779991240145e-01    2.163801367990e+00    1.013472579462e+00    1.470834304873e+00    7.399716879688e-01    8.517715949556e-01    2.447174749450e+00    1.948991539878e+00    1.013472579462e+00    0.000000e+00    0.000000e+00    0.000000e+00    0.000000e+00    0.000000e+00    0.000000e+00    0.000000e+00    0.000000e+00    0.000000e+00    0.000000e+00    0.000000e+00    0.000000e+00
      147         0    1.245260e-03    1.353180e-03    1.220180e-03    3.186224e-02   1.669188e-02    2.177324e-02    1.884854305254e+00    6.804586367327e-01    9.907232663582e-01    1.288017572446e+00    2.058234074258e+00    5.968499612851e-01    2.706501497253e+00    2.002630909442e+00    1.500983352143e+00    0.000000e+00    0.000000e+00    0.000000e+00    0.000000e+00    0.000000e+00    0.000000e+00    0.000000e+00    0.000000e+00    0.000000e+00    0.000000e+00    0.000000e+00    0.000000e+00
      148         0    3.636220e-03    2.644420e-03    3.945160e-03    4.012572e-02   1.102228e-02    2.382904e-02    1.338363325342e+00    2.862999394747e+00    1.419999961961e+00    1.886479596136e+00    1.490590088777e+00    3.129541903850e-01    3.991720098756e-01    1.296981699866e+00    1.286563702687e+00    0.000000e+00    0.000000e+00    0.000000e+00    0.000000e+00    0.000000e+00    0.000000e+00    0.000000e+00    0.000000e+00    0.000000e+00    0.000000e+00    0.000000e+00    0.000000e+00
      149         0    2.539920e-03    2.103680e-03    2.582480e-03    2.735240e-02   5.259960e-03    2.440968e-02    1.951025935667e+00    1.399438055328e+00    4.207367798861e-01    1.772779729052e+00    3.396234190659e-01    1.834643641553e+00    2.720855873704e+00    1.855484226599e+00    1.897560901130e+00    0.000000e+00    0.000000e+00    0.000000e+00    0.000000e+00    0.000000e+00    0.000000e+00    0.000000e+00    0.000000e+00    0.000000e+00    0.000000e+00    0.000000e+00    0.000000e+00
      150         0    1.921660e-03    2.471900e-03    1.543560e-03    3.738060e-02   6.380960e-03    2.385792e-02    1.023762649475e+00    1.297319132108e+00    6.262295345172e-01    9.640822436840e-01    9.270700976944e-01    2.165385009915e+00    2.265544608977e+00    7.223938609407e-01    1.410057025304e+00    0.000000e+00    0.000000e+00    0.000000e+00    0.000000e+00    0.000000e+00    0.000000e+00    0.000000e+00    0.000000e+00    0.000000e+00    0.000000e+00    0.000000e+00    0.000000e+00
      151         0    3.518420e-03    2.740940e-03    3.806840e-03    4.861796e-02   2.142060e-02    2.475168e-02    1.158073991305e+00    4.214105384552e-01    1.651103530810e+00    1.701527368970e+00    1.600883707905e+00    3.020968985010e+00    2.720182115135e+00    1.147100617124e+00    1.470351371019e+00    0.000000e+00    0.000000e+00    0.000000e+00    0.000000e+00    0.000000e+00    0.000000e+00    0.000000e+00    0.000000e+00    0.000000e+00    0.000000e+00    0.000000e+00    0.000000e+00
      152         0    4.936200e-03    5.117840e-03    3.394540e-03    4.368784e-02   3.339896e-02    2.496828e-02    2.729983781434e+00    1.959020561316e+00    1.700663435937e+00    1.267307266644e+00    2.619283952245e+00    1.160949508894e+00    1.843116118639e+00    1.235830612007e+00    4.358379484751e-01    0.000000e+00    0.000000e+00    0.000000e+00    0.000000e+00    0.000000e+00    0.000000e+00    0.000000e+00    0.000000e+00    0.000000e+00    0.000000e+00    0.000000e+00    0.000000e+00
      153         0    1.741920e-03    1.508600e-03    1.157860e-03    4.840364e-02   1.719728e-02    2.318836e-02    1.863415283502e+00    2.273849871989e+00    2.354957722334e+00    1.680432012346e+00    2.354957722334e+00    8.143546853755e-01    2.808262316759e+00    1.298891270155e+00    1.441123188508e+00    0.000000e+00    0.000000e+00    0.000000e+00    0.000000e+00    0.000000e+00    0.000000e+00    0.000000e+00    0.000000e+00    0.000000e+00    0.000000e+00    0.000000e+00    0.000000e+00
      154         0    1.391560e-03    1.276800e-03    1.296180e-03    2.992044e-02   1.383200e-02    2.297556e-02    1.490966341083e+00    7.982998571224e-02    1.570796326795e+00    2.661962388213e+00    1.490966341083e+00    1.105635131622e+00    1.116757504397e+00    1.600705244089e+00    4.575584420974e-01    0.000000e+00    0.000000e+00    0.000000e+00    0.000000e+00    0.000000e+00    0.000000e+00    0.000000e+00    0.000000e+00    0.000000e+00    0.000000e+00    0.000000e+00    0.000000e+00
      155         0    8.443600e-04    9.986400e-04    6.942600e-04    4.948588e-02   1.922952e-02    2.290260e-02    1.550747817437e+00    1.125180028400e+00    4.461327512995e-01    1.080249377968e+00    6.569426161131e-01    1.972426967398e+00    2.651045704763e+00    1.125180028400e+00    1.762414887228e+00    0.000000e+00    0.000000e+00    0.000000e+00    0.000000e+00    0.000000e+00    0.000000e+00    0.000000e+00    0.000000e+00    0.000000e+00    0.000000e+00    0.000000e+00    0.000000e+00
      156         0    2.625040e-03    3.154000e-03    2.579440e-03    1.464520e-02   1.470904e-02    2.471292e-02    7.785610309607e-01    1.068657688413e+00    1.034003418327e+00    2.267554773219e+00    1.429951588811e+00    7.043071669686e-01    1.876341660404e+00    5.309400818346e-01    1.994469362946e+00    0.000000e+00    0.000000e+00    0.000000e+00    0.000000e+00    0.000000e+00    0.000000e+00    0.000000e+00    0.000000e+00    0.000000e+00    0.000000e+00    0.000000e+00    0.000000e+00
      157         0    4.704780e-03    4.044340e-03    3.244440e-03    2.607104e-02   4.510372e-02    2.483224e-02    3.548303929384e-01    1.298087730720e+00    1.349532337070e+00    1.308431338856e+00    2.849545946594e+00    1.480894967739e+00    1.812558736770e+00    1.540865088853e+00    2.551232538238e-01    0.000000e+00    0.000000e+00    0.000000e+00    0.000000e+00    0.000000e+00    0.000000e+00    0.000000e+00    0.000000e+00    0.000000e+00    0.000000e+00    0.000000e+00    0.000000e+00
      158         0    1.646920e-03    1.714940e-03    2.048200e-03    4.380564e-02   1.205360e-02    2.347716e-02    8.124329913801e-01    1.037557363168e+00    2.115649404622e+00    9.297557658697e-01    2.493725897723e+00    1.560828999301e+00    1.149817886521e+00    1.256673818460e+00    5.410352330554e-01    0.000000e+00    0.000000e+00    0.000000e+00    0.000000e+00    0.000000e+00    0.000000e+00    0.000000e+00    0.000000e+00    0.000000e+00    0.000000e+00    0.000000e+00    0.000000e+00
      159         0    1.400680e-03    1.332280e-03    1.423860e-03    3.986732e-02   1.962624e-02    2.393696e-02    1.885566331300e+00    1.854212027986e+00    4.303511681976e-01    1.927882697361e+00    4.057507536383e-01    1.400190481355e+00    2.644259986369e+00    1.843825547270e+00    1.970878455468e+00    0.000000e+00    0.000000e+00    0.000000e+00    0.000000e+00    0.000000e+00    0.000000e+00    0.000000e+00    0.000000e+00    0.000000e+00    0.000000e+00    0.000000e+00    0.000000e+00
      160         0    2.031480e-03    3.228480e-03    2.272400e-03    3.479508e-02   2.233868e-02    2.523732e-02    2.014600108119e+00    1.287424190672e+00    5.379600539685e-01    2.687587614998e+00    1.731252466295e+00    1.981681801018e+00    1.540835250104e+00    2.819659340519e+00    1.245555488935e+00    0.000000e+00    0.000000e+00    0.000000e+00    0.000000e+00    0.000000e+00    0.000000e+00    0.000000e+00    0.000000e+00    0.000000e+00    0.000000e+00    0.000000e+00    0.000000e+00
      161         0    3.255080e-03    3.426080e-03    3.669660e-03    4.780020e-02   2.745576e-02    2.522516e-02    7.966210508833e-01    8.642785746388e-01    1.266496019855e+00    1.875096633735e+00    1.680881297183e+00    3.213346961669e-01    2.277314078951e+00    7.241478301386e-01    1.680881297183e+00    0.000000e+00    0.000000e+00    0.000000e+00    0.000000e+00    0.000000e+00    0.000000e+00    0.000000e+00    0.000000e+00    0.000000e+00    0.000000e+00    0.000000e+00    0.000000e+00
      162         0    5.302140e-03    3.741860e-03    3.784420e-03    2.894840e-02   3.098748e-02    2.645864e-02    2.678982147642e+00    1.145870797875e+00    1.742574015367e+00    1.691750430929e+00    1.429557922844e+00    1.711763751010e-01    2.017907884560e+00    2.702047874711e+00    1.490269728456e+00    0.000000e+00    0.000000e+00    0.000000e+00    0.000000e+00    0.000000e+00    0.000000e+00    0.000000e+00    0.000000e+00    0.000000e+00    0.000000e+00    0.000000e+00    0.000000e+00
      163         0    3.240260e-03    2.144720e-03    2.888380e-03    4.521316e-02   2.109988e-02    2.517804e-02    7.568693470235e-01    8.667342956883e-01    1.339693262803e+00    1.360107148634e+00    2.126821240466e+00    6.152693071808e-01    8.667342956883e-01    2.150446888187e+00    2.126821240466e+00    0.000000e+00    0.000000e+00    0.000000e+00    0.000000e+00    0.000000e+00    0.000000e+00    0.000000e+00    0.000000e+00    0.000000e+00    0.000000e+00    0.000000e+00    0.000000e+00
      164         0    1.465280e-03    2.308120e-03    2.069860e-03    4.147320e-02   1.777716e-02    2.458828e-02    8.167383648648e-01    9.095150610060e-01    1.974296210836e+00    2.040975073597e+00    6.676495195485e-01    1.111878724233e+00    9.472404955753e-01    1.702052741037e+00    6.172345647259e-01    0.000000e+00    0.000000e+00    0.000000e+00    0.000000e+00    0.000000e+00    0.000000e+00    0.000000e+00    0.000000e+00    0.000000e+00    0.000000e+00    0.000000e+00    0.000000e+00
      165         0    5.117840e-03    3.901080e-03    3.163120e-03    1.895136e-02   9.714320e-03    2.568040e-02    2.239618065296e+00    7.226208341676e-01    1.338695006719e+00    6.760058366330e-01    9.019745882943e-01    1.480665343748e+00    1.490702719831e+00    1.813186904188e+00    2.451661347407e-01    0.000000e+00    0.000000e+00    0.000000e+00    0.000000e+00    0.000000e+00    0.000000e+00    0.000000e+00    0.000000e+00    0.000000e+00    0.000000e+00    0.000000e+00    0.000000e+00
      166         0    3.451920e-03    3.632800e-03    3.361100e-03    3.521156e-02   2.845060e-02    2.561580e-02    5.294809447396e-01    1.233244810493e+00    1.179533376047e+00    1.222588791000e+00    2.803397055837e+00    1.520596794892e+00    1.951227161607e+00    1.651168349506e+00    3.942536860908e-01    0.000000e+00    0.000000e+00    0.000000e+00    0.000000e+00    0.000000e+00    0.000000e+00    0.000000e+00    0.000000e+00    0.000000e+00    0.000000e+00    0.000000e+00    0.000000e+00
      167         0    2.029200e-04    1.520000e-04    1.459200e-04    3.436036e-02   4.180000e-03    2.343992e-02    2.920763883860e+00    1.570796326795e+00    1.791625096524e+00    1.791625096524e+00    1.570796326795e+00    2.208287697293e-01    1.570796326795e+00    3.048058065619e+00    1.570796326795e+00    0.000000e+00    0.000000e+00    0.000000e+00    0.000000e+00    0.000000e+00    0.000000e+00    0.000000e+00    0.000000e+00    0.000000e+00    0.000000e+00    0.000000e+00    0.000000e+00
      168         0    3.514240e-03    2.591220e-03    3.288520e-03    2.889596e-02   3.731980e-02    2.642596e-02    3.084180605585e-01    1.530667032495e+00    1.265171678478e+00    1.824241731439e+00    2.084552446083e+00    5.689093586685e-01    1.389267631082e+00    2.631251498871e+00    2.050327225635e+00    0.000000e+00    0.000000e+00    0.000000e+00    0.000000e+00    0.000000e+00    0.000000e+00    0.000000e+00    0.000000e+00    0.000000e+00    0.000000e+00    0.000000e+00    0.000000e+00
      169         0    2.044400e-04    3.564400e-04    3.146400e-04    2.503364e-02   2.445680e-02    2.409884e-02    1.671054324068e+00    1.480592941464e+00    1.350677929216e-01    2.945745628312e+00    1.399811185710e+00    1.691195143089e+00    1.751947693141e+00    2.945745628312e+00    1.500675793260e+00    0.000000e+00    0.000000e+00    0.000000e+00    0.000000e+00    0.000000e+00    0.000000e+00    0.000000e+00    0.000000e+00    0.000000e+00    0.000000e+00    0.000000e+00    0.000000e+00
      170         0    9.705200e-04    8.747600e-04    9.545600e-04    4.276976e-02   9.681640e-03    2.522820e-02    1.225137923288e+00    2.544742692305e+00    1.105784669665e+00    7.561859166962e-01    1.640609301447e+00    2.315334728010e+00    2.199313292993e+00    2.162830599301e+00    2.187048235536e+00    0.000000e+00    0.000000e+00    0.000000e+00    0.000000e+00    0.000000e+00    0.000000e+00    0.000000e+00    0.000000e+00    0.000000e+00    0.000000e+00    0.000000e+00    0.000000e+00
      171         0    3.602400e-04    3.393400e-04    2.515600e-04    4.980584e-02   1.934352e-02    2.482996e-02    1.201462669121e+00    3.693336576736e-01    1.570796326795e+00    2.610738199465e+00    1.233527250538e+00    1.961727315882e+00    1.929399376465e+00    1.429944460604e+00    3.961835343510e-01    0.000000e+00    0.000000e+00    0.000000e+00    0.000000e+00    0.000000e+00    0.000000e+00    0.000000e+00    0.000000e+00    0.000000e+00    0.000000e+00    0.000000e+00    0.000000e+00
      172         0    2.283420e-03    1.683780e-03    2.052760e-03    3.024040e-02   4.023668e-02    2.722852e-02    3.947374237635e-01    1.951146632824e+00    1.470290510847e+00    1.254505266881e+00    9.862131659070e-01    2.469669882930e+00    1.337922842580e+00    7.189082013313e-01    8.993902381562e-01    0.000000e+00    0.000000e+00    0.000000e+00    0.000000e+00    0.000000e+00    0.000000e+00    0.000000e+00    0.000000e+00    0.000000e+00    0.000000e+00    0.000000e+00    0.000000e+00
      173         0    1.117960e-03    9.519000e-04    8.325800e-04    3.919092e-02   7.184280e-03    2.675200e-02    1.630781358320e+00    8.507231109933e-01    7.236963055090e-01    1.620774684600e+00    7.236963055090e-01    2.290869542596e+00    3.100384937796e+00    1.640794049636e+00    1.580788003867e+00    0.000000e+00    0.000000e+00    0.000000e+00    0.000000e+00    0.000000e+00    0.000000e+00    0.000000e+00    0.000000e+00    0.000000e+00    0.000000e+00    0.000000e+00    0.000000e+00
      174         0    3.021380e-03    3.163880e-03    2.083920e-03    2.531788e-02   2.228244e-02    2.804172e-02    2.675957276026e+00    1.984048033791e+00    1.368627239446e+00    1.113249762419e+00    2.322250470928e+00    9.368307655781e-01    1.661277355165e+00    8.989097682861e-01    6.711622817369e-01    0.000000e+00    0.000000e+00    0.000000e+00    0.000000e+00    0.000000e+00    0.000000e+00    0.000000e+00    0.000000e+00    0.000000e+00    0.000000e+00    0.000000e+00    0.000000e+00
      175         0    1.712660e-03    2.471140e-03    1.184840e-03    3.422584e-02   3.128540e-02    2.755684e-02    2.234964727198e+00    1.073311898219e+00    2.247653989874e+00    2.326771561628e+00    2.368600626225e+00    1.441187652566e+00    1.968973028433e+00    1.039046386160e+00    6.989244307164e-01    0.000000e+00    0.000000e+00    0.000000e+00    0.000000e+00    0.000000e+00    0.000000e+00    0.000000e+00    0.000000e+00    0.000000e+00    0.000000e+00    0.000000e+00    0.000000e+00
      176         0    1.805380e-03    1.939900e-03    2.533840e-03    4.125584e-02   1.908892e-02    2.762144e-02    1.255521746942e+00    3.167986523714e-01    1.600808334811e+00    2.071587883866e+00    1.389764110987e+00    5.351050207182e-01    6.090269176620e-01    1.823541156414e+00    1.035463248637e+00    0.000000e+00    0.000000e+00    0.000000e+00    0.000000e+00    0.000000e+00    0.000000e+00    0.000000e+00    0.000000e+00    0.000000e+00    0.000000e+00    0.000000e+00    0.000000e+00
      177         0    2.411100e-03    3.047980e-03    1.657940e-03    4.670580e-02   2.281976e-02    2.821804e-02    1.045951782188e+00    2.436635456201e+00    1.147372458612e+00    5.318803138446e-01    1.169251003384e+00    1.918493157969e+00    1.671180532825e+00    2.130745563890e+00    2.590271856526e+00    0.000000e+00    0.000000e+00    0.000000e+00    0.000000e+00    0.000000e+00    0.000000e+00    0.000000e+00    0.000000e+00    0.000000e+00    0.000000e+00    0.000000e+00    0.000000e+00
      178         0    1.090220e-03    9.332800e-04    9.351800e-04    3.763596e-02   6.327000e-03    2.896360e-02    1.194427769188e+00    5.466028062963e-01    1.947164884401e+00    1.411180777435e+00    1.236810743489e+00    3.928260657310e-01    2.723579424924e+00    1.162172714789e+00    1.560862497498e+00    0.000000e+00    0.000000e+00    0.000000e+00    0.000000e+00    0.000000e+00    0.000000e+00    0.000000e+00    0.000000e+00    0.000000e+00    0.000000e+00    0.000000e+00    0.000000e+00
      179         0    4.187600e-04    3.541600e-04    4.024200e-04    2.378268e-02   2.715404e-02    2.860032e-02    1.540842718157e+00    6.939990221918e-01    8.777096067541e-01    1.670793327440e+00    2.250974714383e+00    6.939990221918e-01    2.988612108285e+00    1.480827613527e+00    1.630730461288e+00    0.000000e+00    0.000000e+00    0.000000e+00    0.000000e+00    0.000000e+00    0.000000e+00    0.000000e+00    0.000000e+00    0.000000e+00    0.000000e+00    0.000000e+00    0.000000e+00
      180         0    5.346600e-04    7.489800e-04    8.059800e-04    2.432076e-02   2.824768e-02    2.872040e-02    2.153127639851e+00    2.498024886092e+00    1.813149817495e+00    1.885973057352e+00    1.650877894268e+00    3.177125044491e-01    6.761928247371e-01    2.201818633915e+00    1.359232105694e+00    0.000000e+00    0.000000e+00    0.000000e+00    0.000000e+00    0.000000e+00    0.000000e+00    0.000000e+00    0.000000e+00    0.000000e+00    0.000000e+00    0.000000e+00    0.000000e+00
      181         0    2.470000e-04    2.135600e-04    1.900000e-04    2.779472e-02   7.069520e-03    2.850988e-02    1.751773629294e+00    1.865008014622e+00    3.483037442523e-01    1.701158751361e+00    3.177125044491e-01    1.297417314974e+00    2.895827728022e+00    1.650877894268e+00    1.782360547895e+00    0.000000e+00    0.000000e+00    0.000000e+00    0.000000e+00    0.000000e+00    0.000000e+00    0.000000e+00    0.000000e+00    0.000000e+00    0.000000e+00    0.000000e+00    0.000000e+00
      182         0    3.860800e-04    4.039400e-04    2.990600e-04    2.790416e-02   3.350080e-03    2.920376e-02    1.927159285513e+00    1.590732962638e+00    3.569702972700e-01    2.510494863576e+00    2.092528816522e+00    1.884934973820e+00    1.071910384089e+00    2.600640103899e+00    1.410629883928e+00    0.000000e+00    0.000000e+00    0.000000e+00    0.000000e+00    0.000000e+00    0.000000e+00    0.000000e+00    0.000000e+00    0.000000e+00    0.000000e+00    0.000000e+00    0.000000e+00
      183         0    4.704400e-04    4.867800e-04    4.617000e-04    3.979132e-02   1.572744e-02    3.001088e-02    2.027847383042e+00    6.561598468176e-01    1.135979246771e+00    2.016700854948e+00    2.216521631262e+00    8.202821047673e-01    6.561598468176e-01    1.460245337808e+00    9.250710223281e-01    0.000000e+00    0.000000e+00    0.000000e+00    0.000000e+00    0.000000e+00    0.000000e+00    0.000000e+00    0.000000e+00    0.000000e+00    0.000000e+00    0.000000e+00    0.000000e+00
